Eigvals	71
12.186651979630778	3.6464651393832734	1.875792966060025	1.4617469801700853	0.7914553219511673	0.6543331298144612	0.5355614304498584	0.5020646172348457	0.4431195514633146	0.3259779260515936	0.24102391139807877	0.1730753294140004	0.13618483262986014	0.12446644230136017	0.11541465927832051	0.09138320442322867	0.07497863963547136	0.06735409925812741	0.06352540104305282	0.05868385642584373	0.045026645267031595	0.0418888437634064	0.03288682146285759	0.032286116433472685	0.030027881276239565	0.02577169480943986	0.02199678368417568	0.019676852752441687	0.016397796390812958	0.015417659411925189	0.013410679409776752	0.013003710060866784	0.01017983721684057	0.004769696275857771	0.003093343717866617	0.0023484400931637985	0.0003057892656689541	0.0	0.0	0.0	0.0	0.0	0.0	0.0	0.0	0.0	0.0	0.0	0.0	0.0	0.0	0.0	0.0	0.0	0.0	0.0	0.0	0.0	0.0	0.0	0.0	0.0	0.0	0.0	0.0	0.0	0.0	0.0	0.0	0.0	0.0

Proportion explained	71
0.5099498067719127	0.1525861406674349	0.07849245733653944	0.061166724981814566	0.03311840603737563	0.027380535168401096	0.022410539697767663	0.021008867322531093	0.018542314166619875	0.013640529054228016	0.010085632809593428	0.007242327994528376	0.005698647110046259	0.005208291687270211	0.004829520305987178	0.0038239253501055124	0.0031374772052272814	0.00281842871687708	0.0026582170428070696	0.00245562286467266	0.0018841375869179358	0.001752836449153701	0.001376147302668335	0.0013510108325226575	0.0012565151019478145	0.00107841520462101	0.0009204542484759462	0.0008233768614840699	0.0006861649216664987	0.0006451511416858082	0.0005611691697708528	0.000544139558915828	0.00042597474928915245	0.0001995876880951247	0.00012944080407332545	9.82703513422704e-05	1.2795735629559899e-05	0.0	0.0	0.0	0.0	0.0	0.0	0.0	0.0	0.0	0.0	0.0	0.0	0.0	0.0	0.0	0.0	0.0	0.0	0.0	0.0	0.0	0.0	0.0	0.0	0.0	0.0	0.0	0.0	0.0	0.0	0.0	0.0	0.0	0.0

Species	0	0

Site	71	71
SRR6113234	-0.7348709372187007	-0.4706468900351819	0.3042541643623486	-0.20674178170032353	0.0466221382668687	0.11839755828845563	-0.013668871521561425	0.050032835165041145	-0.0067559515253763	0.0023114963593259263	-0.03595559473573027	0.01848044710809067	0.032894834539648185	0.0031797400788694937	0.019237115585429437	-0.014641020481744994	-0.01774245589077739	-0.030969044393554617	-0.011788036817426443	-0.03481130776597301	0.005818770578724191	-0.011861145687353901	-0.0076719715986533705	0.06522964633574341	0.0005332276688889562	0.009418587791257317	-0.014091247439888115	0.0019330956083462403	-0.019959210107691278	-0.006356499742010197	-0.01111085248682088	0.00309446389589462	0.008054129417712236	-0.0071807599052323805	-0.001318718261454554	-0.0018561878130728298	0.0006088884888376541	-0.0	0.0	0.0	0.0	0.0	0.0	0.0	0.0	0.0	0.0	0.0	0.0	0.0	0.0	0.0	0.0	0.0	0.0	0.0	0.0	0.0	0.0	0.0	0.0	0.0	0.0	0.0	0.0	0.0	0.0	0.0	0.0	0.0	0.0
SRR6113235	-0.5040015933919795	0.2466851706836125	0.1960996008464747	0.037684856525531114	-0.012299716361950085	0.04407344016477132	0.10889667865088455	0.08677703729132402	0.010047937880111423	-0.09435000770097139	-0.146545838416596	0.06331015976354393	-0.009092921335446267	0.029558288811442412	-0.03696894929666795	-0.031147057051148796	-0.017627880608269555	-0.0169498110529101	0.01092387744344637	0.013885625700840998	0.020932805323720542	-0.023400065928433824	-0.00820450538084841	0.04153154277059962	-0.0009015655983256455	-0.017059253714934535	0.008346304603804325	0.01834482721445676	0.02466278143153828	0.008114401786990537	0.00567777106697297	0.004197198524368945	-0.003299144983920008	-3.9869831287690675e-05	0.005469843684122678	0.008194197587637177	0.0008133881429193493	-0.0	0.0	0.0	0.0	0.0	0.0	0.0	0.0	0.0	0.0	0.0	0.0	0.0	0.0	0.0	0.0	0.0	0.0	0.0	0.0	0.0	0.0	0.0	0.0	0.0	0.0	0.0	0.0	0.0	0.0	0.0	0.0	0.0	0.0
SRR6113236	0.37859628224772435	-0.7723444316222479	0.06425729811867553	-0.24945596844680373	0.12964962546483896	0.12305259021250231	0.061322976155706685	-0.05126200337336979	-0.21145214512214006	0.055227439386776954	-0.04720453859799357	-0.04108233627658913	-0.006520551853400142	-0.00867921064335058	-0.011790541915640572	-0.043104775646302856	-0.02061560671199333	-0.010521605231892254	0.039402866452086974	-0.014031776575712834	0.011666041696916717	0.013904986796079072	-0.01622946218805796	-0.0028254848195326	0.007910006606219868	-0.008609513240461681	-0.000575775556026876	-0.010064114926792869	-0.014998209528763356	-0.007815292705357581	0.0007640267929994023	0.006595095558363695	-0.002479042385302218	0.0030852438265007724	0.0019470438298477399	-0.00011134233117214988	-8.743324073224501e-05	-0.0	0.0	0.0	0.0	0.0	0.0	0.0	0.0	0.0	0.0	0.0	0.0	0.0	0.0	0.0	0.0	0.0	0.0	0.0	0.0	0.0	0.0	0.0	0.0	0.0	0.0	0.0	0.0	0.0	0.0	0.0	0.0	0.0	0.0
SRR6113237	0.8556251915276663	-0.3299903551635354	0.36395255802306575	-0.12461344549156708	-0.41300540098709004	-0.14448727704419562	0.06305320058146414	-0.08706448111452568	-0.027577141675524993	-0.008476539802530584	-0.02477889496522606	0.02061201046764977	-0.006474664451797633	0.006450806746456647	-0.018835799875402966	-0.01084651770756028	-0.0059222182614681864	0.0011502506788493858	-0.0072407941904702525	0.00156407852714813	-0.008138652074982863	-0.003632672960201158	0.006388482285288025	-0.0023255116528101225	0.004378074026686117	0.006888496535369884	0.004784335581750991	0.0023060788755657844	0.001357516046049937	0.005256404464750548	0.002926489006606614	-0.0016985810532487394	-0.003466756616686228	-0.0005967533568805183	-0.00040684534991916724	-6.418289406691323e-05	-3.8056245043996975e-06	-0.0	0.0	0.0	0.0	0.0	0.0	0.0	0.0	0.0	0.0	0.0	0.0	0.0	0.0	0.0	0.0	0.0	0.0	0.0	0.0	0.0	0.0	0.0	0.0	0.0	0.0	0.0	0.0	0.0	0.0	0.0	0.0	0.0	0.0
SRR6113238	0.06405416903503727	-0.07223157838611584	-0.16388960616091555	0.21193176642763123	0.033334408203426084	0.06961033311300217	0.04929126619470055	-0.027275793642546155	-0.03727947614951321	-0.018713027719006653	0.029068573157383114	0.01280389733209536	-0.07869344131347061	-0.03825000794276809	0.11307479673722433	0.004676450423300909	-0.005908967641035935	-0.01704737312749933	0.026616488815298975	0.03062430465321508	-0.01804079008694445	-0.02925111968594511	0.005631072248009708	-0.0032414668389781024	0.043716664346207065	-0.003283279264532912	-0.037732666017506925	0.011580714678590488	0.03008103476737853	-0.01830056667464187	-0.013222615838353885	-0.006992090753075942	0.014136629278555668	0.011865007051969922	-0.0008302232929214034	-0.00862496516567535	-0.0006329555608633875	-0.0	0.0	0.0	0.0	0.0	0.0	0.0	0.0	0.0	0.0	0.0	0.0	0.0	0.0	0.0	0.0	0.0	0.0	0.0	0.0	0.0	0.0	0.0	0.0	0.0	0.0	0.0	0.0	0.0	0.0	0.0	0.0	0.0	0.0
SRR6113239	0.08058869309954776	-0.5344610060572221	-0.20994060264890446	0.0012138150158235712	0.021781752505873747	0.06324307754463107	-0.06768145559805891	0.03867981047288155	0.20054496826611584	-0.06528902470782548	0.03186928125527059	0.0335681596625905	0.016888352422049724	0.024333866922799048	0.024707911295819392	0.0057355037634305925	-0.061595077574085756	-0.03407041371781989	-0.0888247378661913	-0.014627575279085165	-0.007852498198058267	0.016381639394442947	-0.030719490384931478	-0.00892244691011559	0.05756179322328091	0.02403963624876907	0.031050779766433483	-0.005096197443409735	0.0038254957226701494	0.005074230320658145	-0.001720072132270552	0.006003278109988785	-0.005296035277459501	-0.005953282726662605	0.0063989609877139735	0.0029961756268390674	0.0004008690211030632	-0.0	0.0	0.0	0.0	0.0	0.0	0.0	0.0	0.0	0.0	0.0	0.0	0.0	0.0	0.0	0.0	0.0	0.0	0.0	0.0	0.0	0.0	0.0	0.0	0.0	0.0	0.0	0.0	0.0	0.0	0.0	0.0	0.0	0.0
SRR6113240	0.047888148596152626	0.12356460410173979	-0.11873300410001009	-0.02506568675603118	-0.021961087036216114	0.04716574798241505	-0.011684911342770759	-0.055286827014483404	0.005917428583043303	0.0012529906206732908	-0.008727948131237675	0.025492694487595117	1.7103997122885615e-05	0.04330646103212681	0.038090616812351534	0.002950873254637783	0.0014177831208448334	0.04375400514404897	-0.010788896261119984	-0.05605511783246308	0.017994415264146274	0.009179816672554754	-0.014927580730931297	-0.025116018145354264	-0.013714839933541124	0.017920373339447838	-0.003659216772498084	0.043183725807590355	-0.028316025168912243	0.013280170985917706	0.003931355653853289	-0.02143162630487449	0.017367531028637695	0.013656898652808927	-0.0016682314950904427	0.0032807899350101003	-0.00027320265105204247	-0.0	0.0	0.0	0.0	0.0	0.0	0.0	0.0	0.0	0.0	0.0	0.0	0.0	0.0	0.0	0.0	0.0	0.0	0.0	0.0	0.0	0.0	0.0	0.0	0.0	0.0	0.0	0.0	0.0	0.0	0.0	0.0	0.0	0.0
SRR6113241	-0.3770873506826192	-0.47010583530968564	-0.02036293451936867	-0.21034243974554537	0.19563026075351092	-0.211570708833518	-0.15963224015029942	0.00786560903793686	-0.04091189853619583	0.08615194273002058	-0.042753560155825175	0.03667043511082885	-0.045771748256843665	-0.05220262179744627	-0.003535331145629597	-0.0004542573465463652	-0.033316152025480876	-0.030611765070727354	0.0008828577856620853	-0.020699507096042048	-0.00225616279795533	-0.011021071113269361	-0.0019049570551305812	-0.008888243085614514	-0.021612316278950022	0.010957624178266855	-0.000444107320886635	-0.0013491197836640351	-0.008692450893643639	0.0027935203988223795	-0.006019399748902591	-0.0034331549159981093	-0.0004576529496040128	0.0038673365760513658	-0.0036540062547784505	-0.002460066484853132	-0.0002115131107874205	-0.0	0.0	0.0	0.0	0.0	0.0	0.0	0.0	0.0	0.0	0.0	0.0	0.0	0.0	0.0	0.0	0.0	0.0	0.0	0.0	0.0	0.0	0.0	0.0	0.0	0.0	0.0	0.0	0.0	0.0	0.0	0.0	0.0	0.0
SRR6113242	0.1261008913627917	-0.1486710574755779	-0.24385034743398828	0.1459316551965484	-0.18836153103943942	0.0010408177689130943	-0.051010912757309235	0.3086353385365792	-0.12893189307316583	-0.02879660791673394	-0.10104901640728267	-0.05208866889873686	0.06925710404040525	0.01771927951343264	0.022479247351275773	-0.0032718939165756623	-0.022391202190378014	0.005749520632884344	0.002309161187336411	0.02215537457948721	-0.025060672285904854	-0.012297038869631594	-0.010876828221934831	0.0036005725580033634	0.00202977210738789	0.012654441367658205	-0.0027004909669892363	0.0020263255726441515	-0.006730169849806524	-0.0034119871748151008	-0.008965801128105915	0.0010188724373258562	0.004098334333533676	-0.001524719689007597	-0.003017068105076211	0.00017345009013833808	-0.0002936923073498365	-0.0	0.0	0.0	0.0	0.0	0.0	0.0	0.0	0.0	0.0	0.0	0.0	0.0	0.0	0.0	0.0	0.0	0.0	0.0	0.0	0.0	0.0	0.0	0.0	0.0	0.0	0.0	0.0	0.0	0.0	0.0	0.0	0.0	0.0
SRR6113243	-0.3752472068054263	0.0377166567749315	-0.0038919466437284736	0.12066087525159822	-0.12920450831630864	-0.20177235177020605	-0.11812218421313461	0.3285112033866667	-0.21587317867307482	0.006740015175826672	0.005922645406912444	-0.07519403002901741	0.04868436337144667	0.03255684587500242	0.030698088285067707	-0.009238387559380444	0.02936779406281626	0.03045973908513479	0.02813043461693315	0.00636339052265217	-0.004369479617223625	-0.0026790974392627283	-0.011164653989000755	-0.002610241998279742	0.019890133262039256	-0.0031913910128783802	-0.010549021140247692	-0.008397207893754229	-0.01059332797071525	0.002013099777171572	0.0032027972364857614	-0.00150978763801169	0.00021543840698587077	-0.00019724345612242105	-4.66896510930844e-05	0.0016494087766658575	0.00019540215426478648	-0.0	0.0	0.0	0.0	0.0	0.0	0.0	0.0	0.0	0.0	0.0	0.0	0.0	0.0	0.0	0.0	0.0	0.0	0.0	0.0	0.0	0.0	0.0	0.0	0.0	0.0	0.0	0.0	0.0	0.0	0.0	0.0	0.0	0.0
SRR6113244	-0.4621981142913714	0.20678665449038114	0.19461802714445084	0.08925819775549437	-0.010119180682913382	0.11797724879970745	-0.02563686374168974	-0.035535794027931444	-0.01877304584672348	-0.047769682571200206	-0.04444890959531645	0.003084175185746391	0.019951675067350235	-0.016778495391202367	0.038626965933324625	0.05138706966542042	0.020802962264767952	-0.022946173915852554	-0.0213746316128803	-0.04956769360056369	-0.026340210223648165	0.022988181820144147	-0.04105293427690359	-0.022251978370014896	-0.03720460541671404	0.027926675562402362	-0.013652595068767733	-0.010456209942970057	0.0069205049969699225	-0.035146753775681765	0.01317095331483366	-0.017033128749946582	-0.0029930769981758748	-0.001820004164881768	0.006630751564111792	0.008234184564790225	-0.0001926041189174969	-0.0	0.0	0.0	0.0	0.0	0.0	0.0	0.0	0.0	0.0	0.0	0.0	0.0	0.0	0.0	0.0	0.0	0.0	0.0	0.0	0.0	0.0	0.0	0.0	0.0	0.0	0.0	0.0	0.0	0.0	0.0	0.0	0.0	0.0
SRR6113245	-0.07672888023925717	-0.008978731702537272	-0.12811249315797038	0.26515155183720823	0.10303328536878611	-0.04094181445172095	0.0493094306240382	-0.07176434740096582	-0.12061400810405956	0.06930735542859713	0.012911518647953719	0.0815102681068555	0.06281012948799677	0.05726042134810834	-0.020724676529770877	0.05921533327359364	-0.009823423811917894	-0.0537559606814463	0.012062604882358012	-0.027259628211844727	0.019230210421617804	-0.01373972213681358	-0.011739101885789846	0.008878895448231186	-0.018044494994061196	0.006621352602447874	0.024648999434460837	0.0033250383213926068	0.001689661067976533	0.00762998217237355	0.0017901958654111703	-0.012054416324104941	0.006502812274870491	-0.017939915051319564	-0.0036386122508885455	-0.0014676238564165615	0.002501036746695329	-0.0	0.0	0.0	0.0	0.0	0.0	0.0	0.0	0.0	0.0	0.0	0.0	0.0	0.0	0.0	0.0	0.0	0.0	0.0	0.0	0.0	0.0	0.0	0.0	0.0	0.0	0.0	0.0	0.0	0.0	0.0	0.0	0.0	0.0
SRR6113246	0.8123031362138483	0.1332733966389769	0.2451074946864688	0.17520603125912118	0.08520356870521047	0.008355808542811722	0.04277259854263657	-0.020607155936637606	-0.0609945522762493	0.004248277359367505	-0.13348193736490915	-0.06503205027916777	-0.009434079102826105	-0.025101072704441348	-0.05448367712352716	0.043201110630356754	0.035242321856812954	-0.0014440560265988845	-0.057098483909609726	-0.027775825145376513	0.009927042356075758	0.014986736263180629	0.0036960764404388624	-0.01762210243173186	-0.0006391675900295118	-0.0016050845861421527	-0.0006564188480276705	-0.0001511377348990347	0.006143314826089135	0.008019356721552354	-0.009282101902865481	-0.008782878251772555	-0.00294162748329149	-0.0008511055382165548	0.0006632488051494297	0.0007119766762571254	0.0006914207555631266	-0.0	0.0	0.0	0.0	0.0	0.0	0.0	0.0	0.0	0.0	0.0	0.0	0.0	0.0	0.0	0.0	0.0	0.0	0.0	0.0	0.0	0.0	0.0	0.0	0.0	0.0	0.0	0.0	0.0	0.0	0.0	0.0	0.0	0.0
SRR6113247	-0.2949050990306631	-0.14852403293850694	0.023708081043735844	0.14756198437983037	0.2080353548991031	-0.16201011054782744	0.013753889446389021	-0.08240972887622333	-0.029515122746472514	0.01826629731816139	0.07312746916203482	-0.06128001505713072	-0.05580510418809199	0.033182653944940625	-0.02904186009275961	-0.0031603431562022464	0.016893193261144957	0.03168458153458442	-0.015540914147521916	-0.006707190034469237	-0.004314401242694774	-0.007933364396620781	-0.01819370291773176	0.015611095982270068	0.02739640127648846	-0.016570146321693076	-0.007531443549546316	-0.026626671005390214	-0.0011917692882058462	-0.0007376365420578928	-0.0069959064571083	-0.00985856933444239	0.01254692351327463	0.0015248497121707703	0.008016313948839842	0.0030552483046853394	-0.0005812485245124291	-0.0	0.0	0.0	0.0	0.0	0.0	0.0	0.0	0.0	0.0	0.0	0.0	0.0	0.0	0.0	0.0	0.0	0.0	0.0	0.0	0.0	0.0	0.0	0.0	0.0	0.0	0.0	0.0	0.0	0.0	0.0	0.0	0.0	0.0
SRR6113248	-0.4716210304363625	0.15755348450304443	0.1984842369551328	-0.013253636981790566	-0.022694819753173525	0.13796452901954948	-0.09350543613731345	-0.07127780630396316	0.06872306732237926	-0.08425785987238564	0.01250543315833982	-0.01788046767295957	0.01121455062585636	0.02310812021029984	-0.03428900104491544	0.006143986819800629	0.061962760976126734	-0.00626074708205984	0.03260130520734235	0.06936257231876088	-0.01064783450400331	-0.02206169498923595	-0.037861975695266406	-0.011096160935489253	0.01678664523113199	0.00999402151735495	0.012101839466011509	-0.012877276975101357	-0.03440561460138085	0.0053679933433624484	-0.01699901136377072	-0.00752788554633201	0.0010262791585972243	0.0009539408307885357	-0.005074365609353441	0.003885623454144913	0.0008173663578351479	-0.0	0.0	0.0	0.0	0.0	0.0	0.0	0.0	0.0	0.0	0.0	0.0	0.0	0.0	0.0	0.0	0.0	0.0	0.0	0.0	0.0	0.0	0.0	0.0	0.0	0.0	0.0	0.0	0.0	0.0	0.0	0.0	0.0	0.0
SRR6113249	0.8836914036088859	0.19842473686821804	0.20986323194822076	0.11692029992319154	0.029477990503574067	0.09814057313301426	-0.13115579588757625	-0.09424729936359932	-0.008644651979740656	-0.010991697571962075	-0.007588092963536809	-0.004220096181527669	-0.04548995617671647	-0.0023358623945515934	-0.030890751614567998	0.0017336556761077216	0.027269159548309475	-0.013218495432787584	0.07079237232638712	-0.008654710272050824	-0.01059027874877623	-0.05342823523398808	-0.03858198606487371	-0.0012986736795636141	0.027929992138527964	0.00853460988273463	0.011763761675152447	-0.0069508221801755496	-0.013519245654086028	-0.005108517876905129	0.0064231819593008836	0.009551025049310833	0.00045597171620215336	0.003916562482948348	-0.001105486528141125	0.0009470396038925864	0.00016832096552288526	-0.0	0.0	0.0	0.0	0.0	0.0	0.0	0.0	0.0	0.0	0.0	0.0	0.0	0.0	0.0	0.0	0.0	0.0	0.0	0.0	0.0	0.0	0.0	0.0	0.0	0.0	0.0	0.0	0.0	0.0	0.0	0.0	0.0	0.0
SRR6113250	-0.5669220496999035	-0.1657168044293829	0.24346447284132114	0.22096391640584728	0.140814782022583	-0.026409011987948133	0.11525442626791	0.002784635263751439	0.0831743237390424	-0.042384487802867715	0.044493084697226015	-0.0337973351642687	0.020371882919066962	0.0014884082562215174	0.04035625387081895	0.03984240800188344	0.02452852081360859	0.005371955761098358	-0.010988467242345337	0.0418285002896377	-0.0019082926607308945	-0.007949167324284852	0.010074879237489735	0.011056776317755954	-0.007536517813367932	0.019039824695142798	0.0008200801976825336	0.014741990515792289	-0.005100641173358315	-0.008961423400403082	-0.005057219140756626	0.011797420486549977	0.004672859721232705	-0.00072469967549883	-0.0021736274703479806	-0.001854225321874154	0.0006750866568418939	-0.0	0.0	0.0	0.0	0.0	0.0	0.0	0.0	0.0	0.0	0.0	0.0	0.0	0.0	0.0	0.0	0.0	0.0	0.0	0.0	0.0	0.0	0.0	0.0	0.0	0.0	0.0	0.0	0.0	0.0	0.0	0.0	0.0	0.0
SRR6113251	-0.025219793185077045	0.0388370958822339	-0.1343257471827886	-0.12371340315052494	0.020572723054481084	-0.016298466213783305	-0.017828233368724213	-0.08535002607549823	-0.005597846432981677	0.01901770919020714	-0.0261365052694667	-0.00716543323021431	0.04564477579706384	0.013497228747368167	0.03808730153387935	-0.082013901739684	0.0970868022560609	-0.025378111402246387	-0.0380060414584418	0.06248520238604092	0.0663672883480521	-0.018541635313977095	0.010799126310929904	-0.009584782096797632	0.003924781602725833	0.018777196543782394	0.014480817499574345	0.02581282135225518	0.004266130969552103	-0.017904709012682516	-0.002677243530747197	0.010317339656351251	0.01371309236768583	-0.007808528706028441	0.006206913720110346	0.004253036203635054	0.0007169633606179594	-0.0	0.0	0.0	0.0	0.0	0.0	0.0	0.0	0.0	0.0	0.0	0.0	0.0	0.0	0.0	0.0	0.0	0.0	0.0	0.0	0.0	0.0	0.0	0.0	0.0	0.0	0.0	0.0	0.0	0.0	0.0	0.0	0.0	0.0
SRR6113252	-0.010424954417937617	0.008793510257643038	-0.10224066675708024	0.190938013472213	0.045287260534117385	-0.019883263425135432	0.06237243683700041	-0.01535437807252602	-0.04884462679160993	0.023085351535734745	-0.0578806203978659	-0.01130925799972992	0.03893729981218175	-0.050937883888255396	0.01462740353042541	-0.0024243846316473806	0.03464892414144211	0.03297179432263042	0.004902941152636795	-0.014273359252044633	0.009706827410646227	0.009102030210363168	0.008352244994382292	-0.0150058262829365	-4.260146117562395e-05	0.04681719212270565	0.0341771054003941	-0.005558331963462192	0.0312551823107756	0.03862448855386084	-0.02400993506401496	-0.006895226738045927	-0.009490149194834154	0.011643019823051852	0.00047781700007947967	0.007823958128955722	-0.00311232747579419	-0.0	0.0	0.0	0.0	0.0	0.0	0.0	0.0	0.0	0.0	0.0	0.0	0.0	0.0	0.0	0.0	0.0	0.0	0.0	0.0	0.0	0.0	0.0	0.0	0.0	0.0	0.0	0.0	0.0	0.0	0.0	0.0	0.0	0.0
SRR6113253	-0.03907217832687995	0.13267662503264893	-0.12640351204415062	-0.04686743144481982	-0.01867810612565847	-0.015672536537614218	-0.05584236763110474	-0.06784065166810242	0.0008004850090501673	0.0953024944665818	-0.019132862632232916	0.06875032204086992	0.0011438835906981853	0.026107741058192458	0.05202702602423165	0.10114971208862003	0.00663723725170521	-0.017697320760815254	0.0456534549343316	0.0020435129304790254	0.03668175112620349	0.04050924629489194	-0.022084968555974593	0.023046248943107066	0.0070526323520975	-0.04481257043507483	-0.015536788355906835	0.03905267695568577	0.006488766552545134	0.018027863100787224	-0.029152055975173747	0.015392874709043393	-0.018201073939039136	0.0020298524086776386	-0.001097577178194826	0.0016426451477627728	-0.002889887684132858	-0.0	0.0	0.0	0.0	0.0	0.0	0.0	0.0	0.0	0.0	0.0	0.0	0.0	0.0	0.0	0.0	0.0	0.0	0.0	0.0	0.0	0.0	0.0	0.0	0.0	0.0	0.0	0.0	0.0	0.0	0.0	0.0	0.0	0.0
SRR6113254	0.024508530716529215	-0.5988045374006995	-0.18480909855736122	0.06029287649102123	-0.28384977144056295	-0.035746684968671054	0.05778260057696792	-0.18439796957490256	0.014608540917578747	0.004789988497944902	-0.0457327862985735	-0.015116859111291904	-0.03610340676749737	-0.00849028921325517	-0.005913244182143965	0.016141586485584603	0.017425778429897978	0.035452533857870484	0.0070307892238777574	-0.0073586596677278375	0.01647661466010237	-0.011365475988842326	0.0012146248917075074	0.005129406878163589	-0.006389596267585927	-0.024137422005459513	-0.01374427825552328	0.002513161075072488	0.0037043503714309185	-0.008436794387260693	-0.0019710267775101768	-0.000471629295508934	0.007188031962945822	-0.0010040496241478735	-0.000281937173978046	-0.0005598071057607924	0.0001908181899143187	-0.0	0.0	0.0	0.0	0.0	0.0	0.0	0.0	0.0	0.0	0.0	0.0	0.0	0.0	0.0	0.0	0.0	0.0	0.0	0.0	0.0	0.0	0.0	0.0	0.0	0.0	0.0	0.0	0.0	0.0	0.0	0.0	0.0	0.0
SRR6113255	0.03173648864153748	0.03195840736102102	-0.1681426085795751	0.17544539333036194	-0.012402179900217187	0.09090155823894372	-0.06581753021556137	-0.03648971990205707	-0.04305593546217487	0.0057235935500096575	0.03111786448354564	0.018474890825489313	-0.03195131384757791	-0.05578944209503273	0.030942702316201946	-0.06498423555236786	0.018204415510572308	0.008708781977042704	0.005667757568629149	-0.020257489480333582	-0.015751933326057396	-0.006943816280333774	0.01974689050131353	0.019817034024064713	-0.006153140331597082	-0.0038769650728798302	0.020623937999039565	0.020331872185027577	-0.03392811134926072	0.008235451446288835	0.003174231458980236	0.023244129927091326	-0.04459105311974588	0.002354181151125052	0.007709334651811382	0.008886605617665255	-0.000752655154444914	-0.0	0.0	0.0	0.0	0.0	0.0	0.0	0.0	0.0	0.0	0.0	0.0	0.0	0.0	0.0	0.0	0.0	0.0	0.0	0.0	0.0	0.0	0.0	0.0	0.0	0.0	0.0	0.0	0.0	0.0	0.0	0.0	0.0	0.0
SRR6113256	0.03753812979940234	0.02507603627417842	-0.125824737625411	0.14030683637433441	-0.022508571740965648	0.11571855198160884	-0.09266922711803229	-0.06020543263896082	-0.01928604186163025	-0.01222044285027193	0.04218033655129199	-0.010739549455735554	0.010645134664157977	-0.0668935694502126	-0.009061177023394344	-0.0356781586069493	-0.028748247403622997	0.04366032364333985	0.027287424213198987	-0.03471496868714421	-0.02300470584390305	0.00464995520616613	-0.015209598110439307	-0.043331329406665425	-0.019178862439474163	0.017931040142859685	0.015335745692650135	0.0021387850361658145	0.016095241683106262	-0.013414484838403696	-0.017662394456348256	0.029279183130129956	0.02700032333014441	-0.005261297394309811	-0.01073928774574852	0.0019390997678294091	0.0005561505052068834	-0.0	0.0	0.0	0.0	0.0	0.0	0.0	0.0	0.0	0.0	0.0	0.0	0.0	0.0	0.0	0.0	0.0	0.0	0.0	0.0	0.0	0.0	0.0	0.0	0.0	0.0	0.0	0.0	0.0	0.0	0.0	0.0	0.0	0.0
SRR6113257	-0.05810106755308248	0.13237119184956278	-0.03426670001770557	-0.002499648174720514	-0.001368615777656673	-0.03966329093521207	-0.024497711500831992	-0.04419674363136998	0.009829501008876902	0.018059432893761027	-0.04758243016030625	0.0029517855220736427	-0.0024032492559031456	0.03522891142391095	-0.015601198876181971	0.006658689585107729	-0.008400435314542052	-0.011794081180879382	0.013095721508165062	-0.006237908256486257	-0.029278579454343364	0.003563354069222526	-0.031190913411157616	-0.010390466313689534	-0.017935479722218293	0.019685282901841284	-0.04357537650656567	-0.015333477213668876	0.018907622244901837	0.03211144387863866	0.00022286053080617952	0.04407327203924131	0.009757447289587518	0.006745033790575599	0.017192507615207523	-0.01095170560331268	0.005769424745950139	-0.0	0.0	0.0	0.0	0.0	0.0	0.0	0.0	0.0	0.0	0.0	0.0	0.0	0.0	0.0	0.0	0.0	0.0	0.0	0.0	0.0	0.0	0.0	0.0	0.0	0.0	0.0	0.0	0.0	0.0	0.0	0.0	0.0	0.0
SRR6113258	0.8467088351819962	0.17105575328254988	0.10099886110618338	-0.26728130575883363	0.03327774105684181	-0.001701852697486761	0.06100921612468859	0.0759371995236399	-0.167276067584095	-0.09376931916022466	0.028326394683094665	0.15019182765351982	0.008487021852865867	-0.0008352107455904514	-0.038810955686828796	0.016918884123861	0.029402823658736053	-0.00705985573906505	-0.023465191576144493	0.013248548915191215	-0.011638786391233018	0.0017790508078430645	0.01627049781269434	0.011244130396354994	0.00865035330552571	0.02082559859868447	-0.007675328206632473	0.012468597755614047	-0.0026004065558286288	0.006721361838957823	-0.00623834448525321	-0.0007832229887635431	-0.0013799165279056568	-0.0013502438252868678	-0.0009127717952122056	0.00031661754929385513	0.0004749092277781493	-0.0	0.0	0.0	0.0	0.0	0.0	0.0	0.0	0.0	0.0	0.0	0.0	0.0	0.0	0.0	0.0	0.0	0.0	0.0	0.0	0.0	0.0	0.0	0.0	0.0	0.0	0.0	0.0	0.0	0.0	0.0	0.0	0.0	0.0
SRR6113259	-0.2750893068833592	0.10579934564245508	0.01844231948576142	0.04908548429945267	-0.016155375122455674	-0.06372776823348214	-0.19122702865963917	-0.008703731338246805	-0.05290959472012585	0.002272611609798307	0.11026282833130971	-0.032867031414899134	-0.06081544013133395	-0.0778654704551728	-0.13553021946972693	0.017221565367848052	-0.047563267847811015	0.027232721627867357	0.009503456861517564	-0.009050768326240126	0.02867578317583865	0.024598048740366783	0.01621152733743896	0.0191998993661722	0.025574354404831603	0.025292693949749596	-0.002519248897861571	0.029095100226385746	0.008511256286475179	-0.016425746340718438	0.008907873921306729	0.0005880844266826186	0.0010190960451898386	-0.003168892457162494	0.005043321306993668	0.005627225381495908	-0.0004951845830564145	-0.0	0.0	0.0	0.0	0.0	0.0	0.0	0.0	0.0	0.0	0.0	0.0	0.0	0.0	0.0	0.0	0.0	0.0	0.0	0.0	0.0	0.0	0.0	0.0	0.0	0.0	0.0	0.0	0.0	0.0	0.0	0.0	0.0	0.0
SRR6113260	-0.6598912064821735	-0.41754595224126956	0.32665211149487755	0.11980751950936486	-0.4192300077190186	-0.09816062664990617	0.04782372963392211	-0.10098362901530171	0.02502772090905825	-0.030395412122841994	0.06992559106653945	0.04227913212249625	0.008226975125346358	-0.000787599565654778	-0.0017151108818564428	0.019955557651048412	0.020162109327528058	0.0016114823149082857	0.004148861522676741	-0.0012322262106966588	-0.006171986863568304	-0.0035420599799071543	0.0069431904940659185	-0.015621725886982778	-0.011788066979657393	0.0009340292528704832	0.010260749367479343	-0.003138198613708023	0.00828139388315268	0.0032202636841293657	0.0022882708470521613	0.0017355115707545572	-0.0025574578771049763	0.0034258372989855695	0.0013145617137272085	0.0006328273653572078	-0.0007088726346132431	-0.0	0.0	0.0	0.0	0.0	0.0	0.0	0.0	0.0	0.0	0.0	0.0	0.0	0.0	0.0	0.0	0.0	0.0	0.0	0.0	0.0	0.0	0.0	0.0	0.0	0.0	0.0	0.0	0.0	0.0	0.0	0.0	0.0	0.0
SRR6113261	0.19737689801608566	0.04409777194703082	-0.12114522387250093	0.04825569298384859	-0.035627011461252675	0.10511207135163428	0.037950668291218584	0.07398731504286282	-0.040929772207242594	-0.0032131538864620074	-0.009649765573476573	-0.0054446124055965795	-0.09981903401063288	0.12593909529345307	-0.039299097078446824	0.04327801012354988	-0.018131322873301402	-0.01637339176079522	0.02453651122843068	-0.015324903281850436	0.00528883180704371	0.01528403714482966	0.025624702602133925	-0.0039267890728518755	0.026289346787042745	0.006162876856780455	0.03577188091587538	0.016995377957804342	0.010137053189124891	-0.025868759925187616	0.015369075917162108	0.009734493088169744	-0.0026483788549613823	0.004138263674696656	0.004388127510366408	-0.004509574017246403	0.0013633430089645697	-0.0	0.0	0.0	0.0	0.0	0.0	0.0	0.0	0.0	0.0	0.0	0.0	0.0	0.0	0.0	0.0	0.0	0.0	0.0	0.0	0.0	0.0	0.0	0.0	0.0	0.0	0.0	0.0	0.0	0.0	0.0	0.0	0.0	0.0
SRR6113262	0.1254020381578369	0.07144112338988433	-0.20094230861093468	-0.1257018269648593	-0.010183358255824018	-0.010228508039331598	0.15356382937278362	0.0244531480507872	0.05286567872630194	-0.06686835202745768	-0.02870166925452985	0.033387635470543305	-0.04703709050251187	-0.03630640605324379	0.05393734872991582	-0.02591574715319969	0.0012284467620959554	0.028250501576661553	0.004599733820851436	0.011298496891631298	-0.0200540936986307	0.004850778467967436	-0.03885973099884461	-0.010588967934354395	-0.009307690431962569	-0.005572906671674657	-0.015632504431597728	0.006774447235232206	0.008781903823498341	-0.010082023590543348	0.012548980171633797	0.019989721273195468	-0.014510997418092917	-0.018874360985252345	-0.011719867736195058	0.005892745212208133	0.0005252251053103316	-0.0	0.0	0.0	0.0	0.0	0.0	0.0	0.0	0.0	0.0	0.0	0.0	0.0	0.0	0.0	0.0	0.0	0.0	0.0	0.0	0.0	0.0	0.0	0.0	0.0	0.0	0.0	0.0	0.0	0.0	0.0	0.0	0.0	0.0
SRR6113263	-0.19924039389244397	0.10646836374357863	0.0315385944244998	0.05086415598203235	0.04315972889149858	-0.17169416639578403	0.03688029866862742	0.041586041517294996	0.015940494557331188	0.004272659727458573	-0.044876303414935315	-0.02337602963688846	-0.10266445771182298	-0.08247765243859326	-0.018471917700461776	-0.019725309563504073	-0.009633070062486378	-0.028457630409216488	-0.03066886099941032	0.00016751405373105493	0.0037847072058770984	-0.017488923247531422	-0.003780533727708986	-0.0029271357665587834	-0.0034162035483995714	-0.015880250374872923	0.008441318269328328	-0.011588964445864217	0.012490020671962487	0.027371260375060626	0.001704329443646706	0.012644626007216735	-0.011154756004173408	-0.005230558733680236	-0.016741885274979645	-0.0039020224152712577	-0.0015598343102461857	-0.0	0.0	0.0	0.0	0.0	0.0	0.0	0.0	0.0	0.0	0.0	0.0	0.0	0.0	0.0	0.0	0.0	0.0	0.0	0.0	0.0	0.0	0.0	0.0	0.0	0.0	0.0	0.0	0.0	0.0	0.0	0.0	0.0	0.0
SRR6113264	-0.1489868009101527	0.12327812450416356	-0.017102413482025118	-0.03746394249929884	0.016696478747938417	-0.14191229417533724	0.037478401535503914	0.023213224496943425	0.02573832862892874	0.02973712482521945	-0.015219671498789214	0.03974543031140064	-0.07400105810766738	0.02862859120501094	-0.0033081167899844917	-0.04950017203544462	-0.03608857087259705	0.003354421423675	0.017696717978845988	0.04876819342684352	-0.017890929014447707	-0.0011994327474359426	0.04561186293528637	-0.012876326479905754	-0.010678105949949362	0.02551052377095329	0.0055138344177652196	0.009821461802434798	-0.000834682188407382	-0.025692103174524732	-0.008189121574319497	-0.019966866511196935	-1.5930855007061714e-05	-0.004516884567949973	0.005284236464412435	0.0030523205883985676	0.0011213381342483311	-0.0	0.0	0.0	0.0	0.0	0.0	0.0	0.0	0.0	0.0	0.0	0.0	0.0	0.0	0.0	0.0	0.0	0.0	0.0	0.0	0.0	0.0	0.0	0.0	0.0	0.0	0.0	0.0	0.0	0.0	0.0	0.0	0.0	0.0
SRR6113265	-0.13249672043456562	0.16596312666315433	-0.033847112853937066	-0.0656487577919444	-0.01120336281488839	-0.07343757700404693	-0.03013842667999406	0.006306736341789912	-0.043125913781306036	0.033675878257644135	0.010571743733254584	0.07626915892951779	-0.08597190488182627	0.0614373869305204	0.027748768967240423	0.02309819669863495	-0.03734298489909334	-0.009706119810862614	-0.0020710390323269365	-0.002321671553760172	-0.019943135005863914	-0.041586799551731786	-0.00483907628334698	-0.02396485153993307	-0.007649245920885476	0.026408116106917186	0.004438157706938969	-0.0013411543218632123	-0.0014559454556849366	-0.012370664314299467	0.0006782091159011331	-0.0010829403395822646	-0.0009560122852278279	-0.010844507577545827	-0.011712927652439316	0.0028478624240538854	-0.0006232333127403815	-0.0	0.0	0.0	0.0	0.0	0.0	0.0	0.0	0.0	0.0	0.0	0.0	0.0	0.0	0.0	0.0	0.0	0.0	0.0	0.0	0.0	0.0	0.0	0.0	0.0	0.0	0.0	0.0	0.0	0.0	0.0	0.0	0.0	0.0
SRR6113266	0.8657480676543953	0.2026531338131204	0.1730495083668497	-0.10101528393552223	0.09339984407668037	-0.09071711583340646	0.10931569085184019	-0.0172956879034558	0.030275590585025814	-0.04733921907753248	-0.026287617123614507	-0.08043096687726083	0.017888728518890996	0.02751326142366806	0.06832588384762739	-0.04357928352234217	-0.0253247065783241	-0.02104983180493812	-0.006822278128252785	-0.014939544130949844	0.012385138989132152	-0.044172310858661384	0.0071892190822671	-0.023217326288921033	-0.006561249938465355	-0.022587142681499476	0.017647578726628935	0.007222344446387573	0.005134057554991074	-0.007897323425037935	0.011136067907099917	0.01693946022768604	0.0028312864921424307	-0.0006787430320689703	0.001338728856072433	-0.0035342441158599355	-0.000947595576218173	-0.0	0.0	0.0	0.0	0.0	0.0	0.0	0.0	0.0	0.0	0.0	0.0	0.0	0.0	0.0	0.0	0.0	0.0	0.0	0.0	0.0	0.0	0.0	0.0	0.0	0.0	0.0	0.0	0.0	0.0	0.0	0.0	0.0	0.0
SRR6113267	-0.08942785520035636	0.14293914592324833	-0.03591563897647036	-0.016905264441283815	0.033290093707672296	-0.10083737977651162	0.03725460631095213	-0.02574308499425233	0.035011283254488434	0.016782075307053387	-0.043126776618364046	-0.01506571579648227	0.006322812155466094	0.03466101381088122	-0.03333664955812373	-0.006083179074864922	-0.0015431099126036393	-0.006985192751754681	-0.005505561081646552	-0.029681320575011362	-0.0322073097901127	0.008336334206489783	-0.00782170224373751	0.0030672121299593247	0.00607692827981729	-0.021646858383042512	0.008951514001271942	0.036960366946774084	-0.022930790760653234	0.010345326723365045	-0.00992438223116435	-0.010671266439138315	0.0024274988225335224	0.006925295161711901	-0.013170124054977124	0.001059116611309502	0.004817933499794761	-0.0	0.0	0.0	0.0	0.0	0.0	0.0	0.0	0.0	0.0	0.0	0.0	0.0	0.0	0.0	0.0	0.0	0.0	0.0	0.0	0.0	0.0	0.0	0.0	0.0	0.0	0.0	0.0	0.0	0.0	0.0	0.0	0.0	0.0
SRR6113268	-0.0923424248288366	0.16073678876312925	-0.07183388345435963	-0.10115836354867691	0.03282663161909596	-0.08284124329273032	0.03580817404371691	-0.044612607790856185	0.004660686145746147	0.002326540259649988	0.008699060179902164	0.024981955680222545	0.04599953591159117	0.022904433852654837	0.0025367001468146	-0.0040870444074652705	-0.026888337740362533	0.010537033339050107	-0.04874798276005911	-0.024360819593475268	-0.04816404295315585	-0.021092355747218076	0.0032914568974213017	0.004888615685473395	-0.007936443762541627	-0.02711153731148493	-0.004062930859865231	-0.0016465090754247977	-0.0254399096016237	-0.007051941079183274	0.005989193546239935	0.005839752919159877	0.024428102037592953	0.012411847351957914	-0.0046454258323074095	0.00864349026879857	-0.007843824553056109	-0.0	0.0	0.0	0.0	0.0	0.0	0.0	0.0	0.0	0.0	0.0	0.0	0.0	0.0	0.0	0.0	0.0	0.0	0.0	0.0	0.0	0.0	0.0	0.0	0.0	0.0	0.0	0.0	0.0	0.0	0.0	0.0	0.0	0.0
SRR6113269	-0.43619851700659934	0.18924892558385925	0.14264788816624935	0.09739474885327846	-0.04778938583202921	0.10726563251096695	-0.058112174239654465	0.05387625045459828	-0.08733238369828983	-0.03563361670653493	0.025485587581123847	0.07508603016992263	-0.05101583989170396	0.002477720035533837	0.030469351309742227	0.008257916199738445	-0.003017005544789563	-0.0035116362798960094	-0.040229378755664666	0.03858291510914381	0.03378768264901453	0.04107365042892262	-0.006484461090032036	-0.014340149401317719	-0.03613268459341689	-0.015029868820157525	0.024760459601825702	-0.02337910797633193	-0.014019023212142502	-0.009845359810146793	-0.010784994106574693	0.015528835826021967	0.0012102625332060545	0.017313884749812564	-0.005581942764079089	-0.009221036340768755	0.00014706924375503831	-0.0	0.0	0.0	0.0	0.0	0.0	0.0	0.0	0.0	0.0	0.0	0.0	0.0	0.0	0.0	0.0	0.0	0.0	0.0	0.0	0.0	0.0	0.0	0.0	0.0	0.0	0.0	0.0	0.0	0.0	0.0	0.0	0.0	0.0
SRR6113270	-0.053656197399777214	0.08714369206310311	-0.09953057944831935	-0.0906277986489762	-0.019257366981372915	-0.0023366410333322623	-0.11296239813642964	-0.10363572036988458	0.010877309199497115	0.02311588141799347	0.027280232705576342	-0.0011431813386268473	0.06374508483865737	0.02636776981463032	-0.0074893678316453145	-0.03505592537044812	-0.004118239465767416	-0.03855620303852703	0.039754547772047524	0.04284938663387855	-0.036627635199928836	-0.007973870947592207	0.00853233872871269	-0.0207014935070933	0.004113086665917072	-0.02049241050773455	0.029367334891381287	0.0034580403201065527	0.005200535972981951	0.04001286321370761	0.020075364764150807	-0.02572244751402482	0.013944488874720462	-0.011281994403618979	0.0004478753278909171	-0.009955188328301301	-0.0007986840857904444	-0.0	0.0	0.0	0.0	0.0	0.0	0.0	0.0	0.0	0.0	0.0	0.0	0.0	0.0	0.0	0.0	0.0	0.0	0.0	0.0	0.0	0.0	0.0	0.0	0.0	0.0	0.0	0.0	0.0	0.0	0.0	0.0	0.0	0.0
SRR6113271	0.9150375989877999	0.18514550840100108	0.18680314538933052	-0.10377021320388172	-0.023155700916987956	0.07905718527730302	-0.052385816817626434	0.003984665522117102	-0.034165386110284086	0.15130627926138684	0.05438146875754339	-0.012958096975741963	0.04166108465621055	-0.03553815488996639	0.1011630492255578	0.049703898124306096	-0.032653310532243504	0.03557427643949388	-0.018959852162244276	0.019741068514983664	0.030830471896350468	-0.009488249794057296	0.0009684257736259994	0.0026005646492633858	0.014856426526748099	-0.01743184286621479	0.0014608566221479384	-0.0025866341764578115	0.006621833264441964	-0.015451205210528897	-0.0010366085733056756	-0.01623058550467666	0.003600656767468928	0.005128738671063078	0.0021493527784363503	0.0014721292362560295	0.000817104165962359	-0.0	0.0	0.0	0.0	0.0	0.0	0.0	0.0	0.0	0.0	0.0	0.0	0.0	0.0	0.0	0.0	0.0	0.0	0.0	0.0	0.0	0.0	0.0	0.0	0.0	0.0	0.0	0.0	0.0	0.0	0.0	0.0	0.0	0.0
SRR6113272	-0.2663837875646774	0.14325838191866275	0.04199292683991755	-0.11199668620404438	-0.011623232453594947	-0.03818559322845625	-0.08127719525277287	-0.0343125895490257	-0.041189418213867436	-0.02823997298104795	0.10379391993320666	-0.10221998361778112	-0.01827424381832241	0.040878031560436796	0.05196749942897931	-0.017759931200965768	-0.003612625474144326	-0.06589545688999082	-0.018865360251896997	-0.016292711348533877	0.05583414448973139	-0.0008362523881090047	0.013209218449189798	-0.029002573231310363	0.001426122744723516	0.013751034573020408	-0.009860619228706636	-0.006918716635003248	0.0075266698493287425	0.02466844562297535	-0.0014480082266322939	0.005223111056583738	-0.006604426926375834	0.006574305293721846	-0.0007640031734996649	0.008726204015826694	0.0010476933064254576	-0.0	0.0	0.0	0.0	0.0	0.0	0.0	0.0	0.0	0.0	0.0	0.0	0.0	0.0	0.0	0.0	0.0	0.0	0.0	0.0	0.0	0.0	0.0	0.0	0.0	0.0	0.0	0.0	0.0	0.0	0.0	0.0	0.0	0.0
SRR6113273	0.16959631768729555	-0.0016347485559458788	-0.12397530836153571	-0.0244724020022399	-0.10427761882481207	0.07727243935813849	0.025022212071798507	0.004427200073740719	0.0442721333983424	-0.031595589129417394	0.056178668496018394	-0.14082705897198192	-0.006546186204723843	0.059881317939636344	-0.004980310792868906	-0.04626671425459295	-0.006298041161159345	-0.09478255877838357	0.006717248679244358	-0.03916764443305168	0.00887651004110303	0.008911693288470688	0.018187444574478743	0.019321370469026263	-0.01656653476637641	-0.001388877235713004	-0.01628823152606301	-0.0010551074609350304	-0.0004405375254107889	-0.012319223227998704	-0.025313117009661164	-0.003034535274821159	-0.010302793277157251	0.0041548673008934035	-0.0028408292724329248	0.001829980169440668	-0.0007430668766270378	-0.0	0.0	0.0	0.0	0.0	0.0	0.0	0.0	0.0	0.0	0.0	0.0	0.0	0.0	0.0	0.0	0.0	0.0	0.0	0.0	0.0	0.0	0.0	0.0	0.0	0.0	0.0	0.0	0.0	0.0	0.0	0.0	0.0	0.0
SRR6113274	1.0399708196732755	-0.1542962056003007	0.30543527807787324	0.018507016335584558	0.044498961476979765	-0.04602587521006797	-0.22799320256595956	0.22635488027429645	0.2987291919267499	0.0013399684412750724	-0.03267614420437221	0.03855088960061658	0.002408351649154226	-0.04325043449096578	0.001691767537984921	0.02384554923997844	0.02070264132291216	-0.007080638304189844	0.010466786545964715	-0.001735347839785339	0.012741158170583208	-0.008336424389633368	0.01291015721577422	-0.0033641516782450297	-0.011361222357751777	-0.004324726086556629	-0.008910122058542828	0.006417978844647232	-0.0016446077189671367	0.00022349455698434168	-0.004496708403097856	0.007067029635421814	0.001801953311176319	-0.0008666172816271663	0.0008952926311895487	-0.0011519351968479127	-0.0005875208143342145	-0.0	0.0	0.0	0.0	0.0	0.0	0.0	0.0	0.0	0.0	0.0	0.0	0.0	0.0	0.0	0.0	0.0	0.0	0.0	0.0	0.0	0.0	0.0	0.0	0.0	0.0	0.0	0.0	0.0	0.0	0.0	0.0	0.0	0.0
SRR6113275	-0.2801464932351178	0.14274190816546956	0.09107085474696576	-0.0754663455773749	0.020663540946331164	-0.13358630056574974	0.039781540418648745	0.025062900527240205	0.07882821636681434	-0.05889449296072811	0.03982128247278983	-0.026754136291170166	-0.004675209517641297	0.026346465700455155	0.04101262000993319	0.0018353852026344358	0.005512743669657292	0.017618172125077984	0.04288906087950258	-0.037854138467384	-0.002302283539425739	0.013448560428901008	-0.03354454113515996	0.0003638006946762341	0.03243923119003272	0.0008371559720450947	-0.005218747243770694	-0.0039066299413942455	0.012793229167445448	0.0023060155169174505	0.04035640685428542	-0.024941213241987698	-0.026142646401763822	0.01301945016345882	-0.004799775363932295	-0.0016790147940620034	0.000692140008012143	-0.0	0.0	0.0	0.0	0.0	0.0	0.0	0.0	0.0	0.0	0.0	0.0	0.0	0.0	0.0	0.0	0.0	0.0	0.0	0.0	0.0	0.0	0.0	0.0	0.0	0.0	0.0	0.0	0.0	0.0	0.0	0.0	0.0	0.0
SRR6113276	0.13872142275727392	-0.013597017273986638	-0.11903316886071551	0.07592545424031506	-0.07087093450004084	0.13203890960803683	-0.047351515858826826	0.04431609019592529	-0.01843580618873888	-0.04769652485386565	0.019514851890986507	-0.019597018070275068	-0.054221148272775424	-0.006506477310954852	-0.060313235626371295	0.04225182706865688	-0.06537733333010858	-0.022008804377510034	-0.061386517634969176	0.06777183425736386	0.03506484042893899	-0.020118951874652815	-0.01708123540415443	-0.025498612759052124	-0.022241025816059974	-0.03108514623618598	-0.008049508773522018	-0.02116344292532458	-0.012334834262274939	0.013973669234959537	0.005155147974468045	-0.018282541462175277	-0.006570363443255685	0.002008382392663323	0.0005826780507840269	-0.0006199114104953272	-0.000990178783864972	-0.0	0.0	0.0	0.0	0.0	0.0	0.0	0.0	0.0	0.0	0.0	0.0	0.0	0.0	0.0	0.0	0.0	0.0	0.0	0.0	0.0	0.0	0.0	0.0	0.0	0.0	0.0	0.0	0.0	0.0	0.0	0.0	0.0	0.0
SRR6113277	0.196860455568048	-0.5404753256835513	-0.10129987896522787	-0.044337217891028916	0.1117578355212262	0.10173306255186954	-0.08661639795934772	0.10781364548480485	0.14122891660644527	0.019314238060741725	0.02981815921304129	-0.040164111697540125	-0.04061598588153114	0.07513959550290829	-0.009708858053002117	0.05138488146354562	0.08566355934856583	0.030823389896611358	0.020005705153874974	-0.011585623607081952	-0.02155446524061333	-0.00861920256319058	0.03213677248869292	0.010508028656472873	-0.05247577552791883	-0.003754481339887295	0.007229890191407659	0.0030434523864174188	0.02743541479165561	0.0046202038531201065	0.009447538297335717	-0.012079409011201263	0.005394264336555416	-0.0003099371172569467	-0.006786874255728273	0.0032312302306598557	-0.0004698558599464479	-0.0	0.0	0.0	0.0	0.0	0.0	0.0	0.0	0.0	0.0	0.0	0.0	0.0	0.0	0.0	0.0	0.0	0.0	0.0	0.0	0.0	0.0	0.0	0.0	0.0	0.0	0.0	0.0	0.0	0.0	0.0	0.0	0.0	0.0
SRR6113278	-0.00016811804998521462	0.12949439605224944	-0.12958170641696978	-0.06583049139835158	-0.00021935117011266834	-0.0024916715143765036	-0.009882673330938133	-0.0655750977734499	0.04149972785637695	0.021505515836535934	-0.007457507510061855	0.031878106958237055	0.05605003508203507	0.014710240244695564	0.002321720668944966	-0.014412709255476965	-0.018023379130292477	0.055641968510339306	0.031096933287793546	0.003802445247793187	0.059324789606069565	0.002124646497888135	0.01226931423422904	0.02751868876697723	-0.0030579456249295645	0.002919621317957352	0.00033775183316067165	-0.04913500419907774	0.010229888126559282	-0.01822157369466382	-0.01685827008012497	-0.01451885370508809	-0.016969248954567386	-0.005884316190701857	-0.017511396715118532	-0.0007079746648285677	0.0036564969783815524	-0.0	0.0	0.0	0.0	0.0	0.0	0.0	0.0	0.0	0.0	0.0	0.0	0.0	0.0	0.0	0.0	0.0	0.0	0.0	0.0	0.0	0.0	0.0	0.0	0.0	0.0	0.0	0.0	0.0	0.0	0.0	0.0	0.0	0.0
SRR6113279	-0.0872836156619773	0.1303408103847633	-0.08967907516953535	-0.09405994099798701	0.05306363501720015	-0.12109221260481681	0.04864059214917653	-0.03785804544584029	0.06686999816996729	0.009631787115270792	-0.05255293387133919	0.034221238067824455	0.05609020428335821	-0.017896020812198862	-0.006639573931626784	0.03457474329572124	-0.037670233981713326	0.006647748110137861	0.045512332681780836	0.009763113154726078	0.0040171833353261814	-0.026218581482340797	0.04523745435348141	0.010657065540955269	-0.025184315326446344	0.00903536704421994	0.01780167610175026	-0.03562291422529721	-0.010878512621814938	-0.010667304993438207	0.01763106590953224	0.017939740277910128	-0.0018866626278412192	0.025024537514019493	0.010258385307031237	0.006792496579984386	0.0009626856312695582	-0.0	0.0	0.0	0.0	0.0	0.0	0.0	0.0	0.0	0.0	0.0	0.0	0.0	0.0	0.0	0.0	0.0	0.0	0.0	0.0	0.0	0.0	0.0	0.0	0.0	0.0	0.0	0.0	0.0	0.0	0.0	0.0	0.0	0.0
SRR6113280	-0.03183121751114504	0.11478280243382043	-0.05986436852482061	0.018813434762599036	0.01660848455092064	-0.03986261179914946	0.0032309508958086723	-0.04580211746291953	0.05571764873577672	0.020685473766500782	-0.06886228971692691	-0.005732231393160962	0.031847410953540246	0.016831429890079654	-0.04088828581884652	0.010574200480411858	0.009801953810484735	-0.00610082699170547	0.05340342424163755	-0.0014660051188544172	0.018343058108772556	-0.010275922066301004	-0.02003357898903415	-0.0056423882632736875	0.017488600260379114	0.021157831468036622	-0.009594538868049719	-0.018362795321479643	-0.004557850385001394	-0.013071801684678298	-0.010873654805349502	-0.0002562508917352942	-0.0133778749055649	-0.016858537843974335	0.008637944835110566	-0.007799745165816132	-0.008986021507604289	-0.0	0.0	0.0	0.0	0.0	0.0	0.0	0.0	0.0	0.0	0.0	0.0	0.0	0.0	0.0	0.0	0.0	0.0	0.0	0.0	0.0	0.0	0.0	0.0	0.0	0.0	0.0	0.0	0.0	0.0	0.0	0.0	0.0	0.0
SRR6113281	0.7932910797391565	-0.19968304508570886	0.30572319930419406	0.3549727832830807	0.182472922427387	-0.05838588141530983	0.16318523328975149	-0.004590935031603749	-0.07767657017709735	-0.022826106465968037	0.1531896998298844	0.049602259059977824	0.04348710605659367	0.0013495225086658528	-0.0030466545487811804	-0.016933659780545854	-0.01719553813479913	0.0030185379545661726	-0.009924528057834331	0.015549534482182074	-0.014617032214591314	0.008903475481119152	0.002154906347762909	0.011160437831963665	0.009811065466195376	0.0034694635108475243	-0.010094462755977062	-0.0023476077243475197	-0.0013330265743069579	0.004642682802998669	-0.003552194993572464	-0.007102717290969421	-0.004560637187480718	-0.001894812985128481	-0.0004981184980806878	0.00014046772455497032	5.172373772799589e-05	-0.0	0.0	0.0	0.0	0.0	0.0	0.0	0.0	0.0	0.0	0.0	0.0	0.0	0.0	0.0	0.0	0.0	0.0	0.0	0.0	0.0	0.0	0.0	0.0	0.0	0.0	0.0	0.0	0.0	0.0	0.0	0.0	0.0	0.0
SRR6113282	-0.5055166409634717	0.22012145789822846	0.19181423482377694	0.05522288370207091	-0.017120651335213684	0.1655708853977998	-0.019588871862781226	-0.027240524711025695	-0.02157046219326898	-0.044738921279769334	-0.06352243326027343	0.016660331889983684	0.014012993485530865	0.013320661386112277	0.0003966064033571713	-0.0010343454887072015	-0.014383982092169031	0.019522131252967454	-0.025609217270118213	-0.05495321145639934	-0.003783010267612349	-0.0163641434078909	0.08168922952776608	0.0002784626154054348	0.03892667688352577	0.012911132696131034	-0.025776289625305898	-0.003057500459331947	0.006457124084334395	0.019361908677770285	-0.008902213212804641	0.002116620141426222	0.007536612570011405	-0.0033838436202094134	-0.006468245021112154	-0.008872077884794976	-0.0017026621094243188	-0.0	0.0	0.0	0.0	0.0	0.0	0.0	0.0	0.0	0.0	0.0	0.0	0.0	0.0	0.0	0.0	0.0	0.0	0.0	0.0	0.0	0.0	0.0	0.0	0.0	0.0	0.0	0.0	0.0	0.0	0.0	0.0	0.0	0.0
SRR6113283	-0.25549998401954777	0.08226690354413708	0.0032861073551721347	-0.25504867216008603	0.04493788615627164	-0.09568670031308141	-0.03854518364857721	-0.05165886814990691	-0.05043999981804208	-0.03506955976040788	0.02350585551564209	-0.06209757762551926	-0.022253233685980273	0.025692168503038546	0.0124900921344143	0.0498898420854039	0.01738982515217064	0.08763081280801181	-0.05827917365737784	0.04102100991570216	0.007741352184384837	-0.003395831670961167	-0.022600337964436078	0.028470916700170296	-0.004008477875510866	0.010270637049505829	0.002242401714477148	0.024912782908467917	0.0018022355587984436	0.004199074508352706	0.012779467035506616	0.014456759829630392	0.0017367496524064415	-0.007240494106166517	0.007676264840524064	-0.005521081511638583	-0.0010014908745247428	-0.0	0.0	0.0	0.0	0.0	0.0	0.0	0.0	0.0	0.0	0.0	0.0	0.0	0.0	0.0	0.0	0.0	0.0	0.0	0.0	0.0	0.0	0.0	0.0	0.0	0.0	0.0	0.0	0.0	0.0	0.0	0.0	0.0	0.0
SRR6113284	-0.10144896158993089	-0.04514040658399217	-0.05983163501009286	-0.015315616969907195	0.060262912389789786	0.006381273611776546	-0.12238501849028	-0.11478682697079726	0.005421733703066185	0.04801011905929728	-0.032760449974003986	-0.04839541875501581	0.05664404476987647	0.05765649516960377	-0.05019905760129359	-0.002456409880839896	0.010829952436618905	0.0553090524881522	-0.04023185983019245	0.03722140963599066	-0.028745424014849873	-0.002823501391103301	0.033998694028416786	-0.015828786510252265	0.020921994386716346	-0.009890988402124035	-0.026450062947247558	0.0021319218576470573	-0.0035866094076353605	-0.005802175568566141	0.0018663600723516794	0.019043006153515698	-0.02080092636649594	0.0019256237686140457	-0.010697769714973783	-0.0017229373221471357	0.001578181909943826	-0.0	0.0	0.0	0.0	0.0	0.0	0.0	0.0	0.0	0.0	0.0	0.0	0.0	0.0	0.0	0.0	0.0	0.0	0.0	0.0	0.0	0.0	0.0	0.0	0.0	0.0	0.0	0.0	0.0	0.0	0.0	0.0	0.0	0.0
SRR6113285	0.009698448425995883	0.036454461150355104	-0.09369165829692255	0.05923440020632835	-0.04031152897490506	0.017372603414723794	0.03459666683198832	0.03172858765058492	0.07185629512104465	0.1367985767786135	-0.03496437169726615	0.004292142686515013	0.011084652833329567	-0.060765927792670336	-0.04564307501363636	-0.05123840848437888	0.0026247250408773302	0.020641851002099615	-0.01706088015204296	-0.026013765644328134	0.044200519986989206	-0.04417237542071334	-0.03882897575978593	0.018887179010097586	0.005349024111254531	0.013657266857677588	0.00597588529546562	0.014659488835934377	-0.00927605573836877	-0.004787504425845359	0.007674386961824021	-0.01181867250222149	0.009091433464264078	0.013631572818355435	-0.0030140589167974093	-0.011254771510289648	0.0025937614088281068	-0.0	0.0	0.0	0.0	0.0	0.0	0.0	0.0	0.0	0.0	0.0	0.0	0.0	0.0	0.0	0.0	0.0	0.0	0.0	0.0	0.0	0.0	0.0	0.0	0.0	0.0	0.0	0.0	0.0	0.0	0.0	0.0	0.0	0.0
SRR6113286	-0.12968459180211597	0.17099176486600573	-0.038661024919713786	-0.0753758257353713	-0.008108574663294241	-0.06995645392832245	-0.04664424081181565	-0.019441724682979562	-0.0013063103125968089	0.03730130518134043	0.0027128562902530786	-0.0006701232579611534	-0.06881123962672901	0.0028070538231881495	0.04201276605126859	-0.031304973592643254	-0.00731305462032429	0.015751239578703516	-0.01914391653425206	0.0029600807420490974	-0.044929582657382124	-0.0278545366048894	-0.00938452144906336	0.03641618928975123	-0.03560127052536128	-0.002438637217693236	0.008866726473768917	-0.01076153526405485	0.012915148985507219	0.006549331764632967	-0.04089896578176198	-0.028968868257184578	-0.004906338955509375	-0.0015127027484024668	0.016429817630094427	-0.0018717184387749357	0.0007980982102404054	-0.0	0.0	0.0	0.0	0.0	0.0	0.0	0.0	0.0	0.0	0.0	0.0	0.0	0.0	0.0	0.0	0.0	0.0	0.0	0.0	0.0	0.0	0.0	0.0	0.0	0.0	0.0	0.0	0.0	0.0	0.0	0.0	0.0	0.0
SRR6113287	-0.3067321551462579	0.15361761800345697	0.11662027328683995	-0.03405606943065901	0.011398397736300123	-0.11979289587102489	0.07461757561041797	0.05085255650506202	0.05588953771221906	-0.027738453623354656	-0.009812353179955	-0.04327236229859387	-0.010382299927730206	-0.02030220492634373	0.023352582631564943	0.027026402410182213	-0.030461426421026415	0.005856178891140138	0.05628503440504636	-0.014411788568798933	0.03803499780427331	0.06091624953761335	0.01891127484701857	-0.024245765486253613	-0.000997084726122904	-0.01688505911433187	0.023557079114615014	0.0016610990462989975	-0.025091070490284688	-0.001858035148384792	-0.007879779445463524	0.010335653723056207	0.02581959170492933	-0.012648302999150577	0.005113319461635222	-0.007431924110937359	-0.00048203547304321697	-0.0	0.0	0.0	0.0	0.0	0.0	0.0	0.0	0.0	0.0	0.0	0.0	0.0	0.0	0.0	0.0	0.0	0.0	0.0	0.0	0.0	0.0	0.0	0.0	0.0	0.0	0.0	0.0	0.0	0.0	0.0	0.0	0.0	0.0
SRR6113288	-0.5048059021443556	0.1730084407645002	0.1861179923651159	0.10148499249140937	-0.047922184408690054	0.19020602248634377	-0.0946219989089924	-0.0021535924106075416	-0.005864064834268765	0.008199401548704686	0.07765337447180341	-0.037251821075173046	0.05274523488770118	-0.06873241144030098	0.02584761576263023	-0.027785002095754754	-0.0557116224107498	0.008238169083596066	0.020900855561558386	0.0007198028072416367	-0.02544536429083558	-0.020187753306513886	0.008455173990658442	0.03381967243047979	-0.0191326732414422	-0.032553794502414767	0.017391523872152342	0.02381160957078394	0.018966328248781215	0.005134456607821412	0.016292116499534184	-0.0013967474595509481	-0.0013016042989902553	-0.008210102170160338	0.003034143030502659	-0.0015699092399269951	0.0005480813496424356	-0.0	0.0	0.0	0.0	0.0	0.0	0.0	0.0	0.0	0.0	0.0	0.0	0.0	0.0	0.0	0.0	0.0	0.0	0.0	0.0	0.0	0.0	0.0	0.0	0.0	0.0	0.0	0.0	0.0	0.0	0.0	0.0	0.0	0.0
SRR6113289	-0.6641294405268945	0.31367800581299027	0.18213527448109462	-0.10224729246160592	-0.05884253265968916	0.15444915987399346	0.2580522288373502	0.11458017822105297	0.15522644289216375	0.22194610840982942	0.039932358010806086	-0.023163115948187207	-0.025373921757590408	0.01353960529872991	-0.050386336170121615	-0.01656389725508425	0.00046962755810567807	0.010574237554375017	-0.006523714275339415	0.008840059733493524	-0.010533010032748355	0.000328942551483705	-0.0064838562217558885	-0.019639453150618127	0.011769402774718418	0.011010363955912124	-0.02127508930400606	-0.0020413542802162747	-0.014239330024628162	0.003753310951335184	-0.008133801659084772	-0.00020587403258315068	-0.0038790712903974357	-0.0003208519985336718	0.0004331988477359915	0.00035812249102920346	-0.0008242973181916085	-0.0	0.0	0.0	0.0	0.0	0.0	0.0	0.0	0.0	0.0	0.0	0.0	0.0	0.0	0.0	0.0	0.0	0.0	0.0	0.0	0.0	0.0	0.0	0.0	0.0	0.0	0.0	0.0	0.0	0.0	0.0	0.0	0.0	0.0
SRR6113290	0.34051560275794673	-0.0005760786816906624	-0.14014278393295043	-0.1969915705257639	-0.030763177862267	0.16969899856267023	0.17025665789533873	0.11643169464449535	-0.08721423721603173	0.17677650647998394	0.11043772252087296	-0.020820430347306105	-0.031374822244472286	-0.032269012940222816	-0.040955728807346305	0.02720630328853192	0.04436167788420746	-0.009259992950964644	0.012691141246015367	0.0026777969759931124	-0.008702764854200871	-0.008066215245122525	0.005253376745981706	-0.0003999949402179402	-0.020729072144954168	0.0023642532520273822	0.0008568883123731555	-0.011177279576441403	0.004044445329213287	0.016556072871637715	0.01704471675713235	0.009836902282751353	0.00670651546891279	-0.005349793358085972	0.0016742512404078608	0.0039051843688454133	-0.0008624309034845904	-0.0	0.0	0.0	0.0	0.0	0.0	0.0	0.0	0.0	0.0	0.0	0.0	0.0	0.0	0.0	0.0	0.0	0.0	0.0	0.0	0.0	0.0	0.0	0.0	0.0	0.0	0.0	0.0	0.0	0.0	0.0	0.0	0.0	0.0
SRR6113291	-0.07194189165485294	0.06518814029330157	-0.042166190328959685	0.1481299943746439	0.05179289105436917	-0.046600046128722886	0.005912281300150595	-0.04502001153526497	-0.03305827594161259	0.03627450345163533	-0.048333604766356335	-0.04241998784131834	0.07754368261163276	-0.013726426739549744	-0.0529741504438352	0.03531221571248902	0.004793404593692704	-0.021028686959689333	-0.03280397312781607	-0.01289276801678802	-0.03278601600815659	-0.011770040810096291	0.005744269018954375	-0.03660388099424828	-0.01917054715334058	-0.04108697298158936	-0.001276774326016728	0.011920291110551713	0.004479949412570849	-0.037558753970894476	-0.005728729927327319	-0.0015913237884534394	-0.02314428044069687	-0.005320680480838222	0.007498307539115277	-0.003969087917005952	0.0015083389542921433	-0.0	0.0	0.0	0.0	0.0	0.0	0.0	0.0	0.0	0.0	0.0	0.0	0.0	0.0	0.0	0.0	0.0	0.0	0.0	0.0	0.0	0.0	0.0	0.0	0.0	0.0	0.0	0.0	0.0	0.0	0.0	0.0	0.0	0.0
SRR6113292	-0.06052938334165517	0.01320363742087368	-0.07965683011647681	-0.056828372255877994	-0.07555146999735785	-0.05524573797244559	-0.007489774419304049	0.013041555260330559	0.07602419171890085	0.210943360565996	-0.008610777379329606	0.028895929853679676	0.07430292421487857	-0.02645443866659244	0.020194213977315807	-0.004141204982387461	-0.017237287763416147	-0.03319583975251686	-0.026831777485911187	0.02419666143901384	-0.0280460163565093	0.05157103199442261	-0.0012383226469836492	-0.007022948384159487	0.031600469354405414	0.012241798893713343	0.006503309124717857	-0.006012856691668332	0.014899947800983407	-0.003525636273389184	0.008191095984886203	0.0014397798842557708	-0.0022471439911638702	-0.0003930101283975638	0.0009212529476324129	0.0039631392326711845	0.0009963180497776995	-0.0	0.0	0.0	0.0	0.0	0.0	0.0	0.0	0.0	0.0	0.0	0.0	0.0	0.0	0.0	0.0	0.0	0.0	0.0	0.0	0.0	0.0	0.0	0.0	0.0	0.0	0.0	0.0	0.0	0.0	0.0	0.0	0.0	0.0
SRR6113293	0.18634643409676052	0.0703149424622576	-0.22336336161097017	-0.20205439785331347	-0.017499280846178408	0.07006129854491333	0.07367628922049735	0.02547836049739784	0.011908395927397647	-0.10302095276722113	0.02395139713726153	-0.012183405354024545	0.014856025668585135	-0.012041669179300761	-0.028980820217994696	0.0019510791655048807	0.03177934793766114	0.01026764176509681	-0.016343631710990476	-0.00805868256851595	-0.03926541470357956	0.031336397983495544	-0.011018950657143384	0.0308951164117527	0.015279657374702367	-0.004024224859855722	0.05042103991587381	-0.01277456747632482	0.010869143207742854	-0.01219271614230747	-0.013041388656260955	0.0013989385943651888	-0.002963864665339355	0.014470269377204619	-0.0013416567268104485	-0.01663735688924512	-0.001686466467125424	-0.0	0.0	0.0	0.0	0.0	0.0	0.0	0.0	0.0	0.0	0.0	0.0	0.0	0.0	0.0	0.0	0.0	0.0	0.0	0.0	0.0	0.0	0.0	0.0	0.0	0.0	0.0	0.0	0.0	0.0	0.0	0.0	0.0	0.0
SRR6113294	0.053694682671660374	-0.2940843133429758	-0.1559491628834896	0.22680821577916363	0.09556762210425246	-0.03512884320374966	0.16229815930692265	-0.022819816222996763	0.054578773391129064	-0.06896740780793327	0.01689574432627031	-0.06445359854345374	0.02854345788116807	-0.04694573790884723	0.01878152207076263	0.0462728132888539	-0.02654386950008013	-0.020109688483073703	0.02727020911112241	0.0577739709353277	-0.005347446276213421	0.014906852009479598	0.010107681324538056	0.018477518278178173	-0.02264799769025632	0.03420988427741994	-0.008742344399195183	0.016233007481942254	-0.029090527185918466	0.010354097222255318	0.011504792199662568	0.0016088495723264168	-0.005558553606971652	0.0031552476724856175	-0.005535409941868005	-0.004238773088771536	0.00027855822897710256	-0.0	0.0	0.0	0.0	0.0	0.0	0.0	0.0	0.0	0.0	0.0	0.0	0.0	0.0	0.0	0.0	0.0	0.0	0.0	0.0	0.0	0.0	0.0	0.0	0.0	0.0	0.0	0.0	0.0	0.0	0.0	0.0	0.0	0.0
SRR6113295	0.1466199938167544	0.09483648891192242	-0.20105243023680758	-0.11722878675726622	-0.03189893258682913	0.09969007644097015	0.028594189530147706	-0.03257855092144063	0.009523619208150199	-0.0926318457692043	-0.0007014796755037134	-0.02454216644438791	0.01734174203884035	0.005350821817561066	0.03393153045505363	0.07232114783450312	-0.04269609722669939	0.040179809952409724	-0.007075980383770058	-0.028257038196891404	0.012427012982976321	-0.03630404884209747	0.012048898034283223	0.015804379435476454	0.012034836521857531	0.0025318840454648327	-0.0012534875678421602	-0.03159393189526797	-0.010986865844028885	0.019150149856552334	0.006787383216095525	0.00610571390193436	0.004756886367550053	-0.01326122670437156	0.004079807122058831	0.007962506992154728	0.0018099518330799429	-0.0	0.0	0.0	0.0	0.0	0.0	0.0	0.0	0.0	0.0	0.0	0.0	0.0	0.0	0.0	0.0	0.0	0.0	0.0	0.0	0.0	0.0	0.0	0.0	0.0	0.0	0.0	0.0	0.0	0.0	0.0	0.0	0.0	0.0
SRR6113296	-0.057283270736938174	0.10416338586272553	-0.08805783154045686	0.07760883577401698	-0.014876851310831378	0.0020743832307551823	-0.10993961137609531	-0.06752964020192534	-0.0211418762977306	0.04581349391967577	-0.03435374860776755	0.05880979091179241	-0.03137130360315079	-0.02376583691089533	0.018258779320396313	0.014579427990151892	0.05332015687081646	-0.06544358591394737	0.00460129262456643	0.0257041684880746	-0.04017470572796131	0.025510838508663463	0.02067674256712925	0.0275240724188137	0.029549192731647283	-0.014101583632312389	-0.015162951889316214	-0.022229962612592205	-0.009600671958903236	-0.005373314026734799	0.014435665426322805	0.00743997524579028	0.016804774073377143	0.00466862570078341	-0.003387741249477873	0.007600417209031272	0.0005831128500029066	-0.0	0.0	0.0	0.0	0.0	0.0	0.0	0.0	0.0	0.0	0.0	0.0	0.0	0.0	0.0	0.0	0.0	0.0	0.0	0.0	0.0	0.0	0.0	0.0	0.0	0.0	0.0	0.0	0.0	0.0	0.0	0.0	0.0	0.0
SRR6113297	-0.017477290426922927	0.06865011862122107	-0.07716646792623481	0.12503270097269825	0.017310165552430506	-0.009997698984819201	-0.03247467639735355	-0.02120477322067599	-0.011522362488024903	-0.020929320963105593	-0.024941745438175532	0.014112015129846634	0.04134804874530635	0.02921432445753925	-0.05446277207808677	-0.0449275803935272	-0.01094662369903509	-0.028382945834205406	-0.019794757644135002	0.017398258532276903	0.039722741838299866	0.01688008135242512	-0.02052577292328603	0.034969878942679035	-0.025029614410906644	0.004593472102988778	-0.022490390655507533	-0.0005150474633945673	0.034959980368583284	-0.008186360152261084	0.032204758103435885	0.0023503848030349333	0.015280843504558394	0.00795028345862473	-0.0071496986043369576	0.0006448444655191653	-0.0039021722124430325	-0.0	0.0	0.0	0.0	0.0	0.0	0.0	0.0	0.0	0.0	0.0	0.0	0.0	0.0	0.0	0.0	0.0	0.0	0.0	0.0	0.0	0.0	0.0	0.0	0.0	0.0	0.0	0.0	0.0	0.0	0.0	0.0	0.0	0.0
SRR6113298	0.14927479933764806	0.015949130665366837	-0.29284699047203727	-0.2633226592358695	-0.015048554350896822	0.04770136916194338	0.032839391038359346	0.009904949962708269	0.028798604764022972	-0.1610908739751516	0.01510580485423301	0.02595379821957067	0.04664975939737492	-0.07468548727178688	-0.052923259493978546	0.012035985381014355	-0.02148854579197756	-0.01683400782031758	0.032545582894665026	0.021344849145667907	0.003100161885230635	-0.0059709913036653595	0.00921528398775443	-0.032029513315011235	-0.004530724122507544	0.005553949597700419	-0.04188713699431432	0.02178592949751552	0.0004348034483337623	0.0021402256568101136	-0.010036865124454918	-0.026224985955823957	-0.0016426755474881357	0.0066748600408760095	0.005603384371977266	-0.000230739218439399	0.0005844740435773572	-0.0	0.0	0.0	0.0	0.0	0.0	0.0	0.0	0.0	0.0	0.0	0.0	0.0	0.0	0.0	0.0	0.0	0.0	0.0	0.0	0.0	0.0	0.0	0.0	0.0	0.0	0.0	0.0	0.0	0.0	0.0	0.0	0.0	0.0
SRR6113299	0.8585246893477936	0.21984444389613875	0.1615699608278245	-0.05315084838815147	0.01204849476572171	0.014803843252815377	-0.07098636434208763	-0.0755109710896349	0.01999300384562727	-0.022772787749536325	0.014191852752320586	-0.02893964658862283	-0.0036542630783014496	0.05929042254420211	-0.0003244395752464382	-0.07374536106626126	-0.04016001652148982	0.0307766599334177	0.014785006132099819	0.016532792433589558	-0.025713470585581228	0.08677574362449683	-0.011789654436162447	0.02236048973816962	-0.03308487035876165	0.012791920844439702	-0.017879035297545625	-0.007260228822625289	-0.0015198610368281013	0.007121144553600046	-0.00570689543944121	-0.0026094462277825386	0.0013412063713087187	-0.005132621138036061	-0.0020391754832787784	0.0016501187527401238	-0.0003765440157512184	-0.0	0.0	0.0	0.0	0.0	0.0	0.0	0.0	0.0	0.0	0.0	0.0	0.0	0.0	0.0	0.0	0.0	0.0	0.0	0.0	0.0	0.0	0.0	0.0	0.0	0.0	0.0	0.0	0.0	0.0	0.0	0.0	0.0	0.0
SRR6113300	0.08793991676701464	0.03782433670612222	-0.1046803895433296	0.10721348310080836	-0.002864446760190188	-0.002431723054061353	0.08692552708291676	0.016738134239334488	0.05201755869087813	-0.05416111316543641	-0.10610494502683303	-0.039013984369346	-0.052502031613485274	-0.05966997336814363	-0.011699298737944747	-0.013361270032168594	0.022366113247763896	0.010463736333713518	-0.00012666313584921055	0.00488772797217862	0.0016346621803569488	0.04040610739348058	0.004861864454978695	0.011531094774266105	0.02555154080775429	-0.03786733411944293	0.006895349510683646	-0.012908465634965742	-0.0033522665244755897	0.0030127798186286928	-0.00035943264212819575	-0.015097694132712705	0.024455465867246763	-0.006352287278671702	0.004157801948246349	0.013830067152975712	0.00231156267996201	-0.0	0.0	0.0	0.0	0.0	0.0	0.0	0.0	0.0	0.0	0.0	0.0	0.0	0.0	0.0	0.0	0.0	0.0	0.0	0.0	0.0	0.0	0.0	0.0	0.0	0.0	0.0	0.0	0.0	0.0	0.0	0.0	0.0	0.0
SRR6113301	-0.0020917603702574786	-0.18592227085762636	-0.17688064528454375	0.25219357499803163	0.04475553708996883	-0.011977771329159354	0.022654422600014844	0.10602343359481783	0.07447376235402871	-0.026988363245736745	0.10985651159211379	0.13823372131583864	0.02378089404606943	0.06940605753209221	-0.028799974220353162	-0.08029858905528894	0.015356665552971672	0.04518855831488735	0.004886280898840822	-0.031634344903051545	0.028814776908044168	-0.005265077948123476	-0.0031436973974289365	-0.027391966535684514	-0.0012282981850008936	-0.04102303263819042	-0.01666842953786133	-0.008708212917169509	-0.0055571763885688425	0.005501919794561101	-0.005247999986667717	0.007904650748072239	0.0001784709589945139	-0.0004509093750193509	0.009827921380416871	0.0007610885831363829	1.196639667227464e-05	-0.0	0.0	0.0	0.0	0.0	0.0	0.0	0.0	0.0	0.0	0.0	0.0	0.0	0.0	0.0	0.0	0.0	0.0	0.0	0.0	0.0	0.0	0.0	0.0	0.0	0.0	0.0	0.0	0.0	0.0	0.0	0.0	0.0	0.0
SRR6113302	-0.280571039104605	0.19532929237017674	-0.015272200743996042	-0.2761162234832904	0.005311297479707411	-0.1359980379012671	0.015514410279723235	0.04365075430588462	-0.016230460031611885	-0.10299367597052402	0.14905051637944125	0.014210093746535837	0.04313976364540482	-0.07645106544805258	-0.02280102500430994	0.01741517776857272	0.07277628724166214	-0.034775613869534885	-0.010070746047936785	-0.04794036464783032	0.001371075528071197	-0.0025488264257291777	0.001386315609507088	-0.0013460199001583421	0.00363132790862934	-0.015890393211357785	-0.003160803398412099	-0.009413638996761958	0.007685694574248111	-0.013086405937280826	-0.007175514066096754	0.005748730467437454	0.002116421816383037	-0.004941890674326158	-0.0027312679901628258	-0.002223139320277868	0.0018188212191215327	-0.0	0.0	0.0	0.0	0.0	0.0	0.0	0.0	0.0	0.0	0.0	0.0	0.0	0.0	0.0	0.0	0.0	0.0	0.0	0.0	0.0	0.0	0.0	0.0	0.0	0.0	0.0	0.0	0.0	0.0	0.0	0.0	0.0	0.0
SRR6113303	-0.786824334541116	-0.4075286542968112	0.28255947165367157	-0.23077637881107269	0.20876082955897066	0.14491433804864698	-0.0017474842989359024	0.022834822928450342	-0.0800936558991866	-0.03344523630754966	-0.0710478449301142	0.029516067586209054	0.0041855006547309335	-0.006015224693499592	0.011062599774603835	-0.024105022888448534	-0.006351924135046937	0.02733996985053458	0.02497112061814571	0.022144190380544448	-0.0006363984243963048	0.019586097059888362	0.0022363055112616355	-0.05305540057838795	0.010770553264080426	-0.021397755722990755	0.006799995496820732	0.0013463143109085985	0.021441953931488938	0.004452624557703799	0.008455369714645871	-0.008500675277084317	-0.009138615655850002	0.004210654450402168	0.0014232630160579698	0.0028951945695661328	-0.00036389206153845623	-0.0	0.0	0.0	0.0	0.0	0.0	0.0	0.0	0.0	0.0	0.0	0.0	0.0	0.0	0.0	0.0	0.0	0.0	0.0	0.0	0.0	0.0	0.0	0.0	0.0	0.0	0.0	0.0	0.0	0.0	0.0	0.0	0.0	0.0
SRR6113304	0.03012039121548786	0.05521003608133723	-0.1343028928928066	0.12077855553017866	-0.026450701239052438	0.05345135739614147	-0.05556865182858227	-0.02624608906059467	-0.021310963151626373	0.006755856478173121	-0.05017572043116062	0.03612311131501817	-0.047733015279684314	-0.03957496064542859	0.06436605212315896	-0.03450071540253009	0.055837480246525704	0.0022496788332075964	-0.028434056261714944	-0.03307098608628303	0.012031446788212807	0.02898343912819273	0.027836583910604246	-0.000119048918091596	-0.011349986766232275	0.01096421914426976	-0.015248444203331171	-0.014502789543806769	-0.029292277475544203	0.0029895070308362617	0.03686512690586467	-0.01880437246598006	-0.01078159352708424	-0.011273120265711433	0.006177668439418111	-0.014934567183170131	-0.00021683548641677225	-0.0	0.0	0.0	0.0	0.0	0.0	0.0	0.0	0.0	0.0	0.0	0.0	0.0	0.0	0.0	0.0	0.0	0.0	0.0	0.0	0.0	0.0	0.0	0.0	0.0	0.0	0.0	0.0	0.0	0.0	0.0	0.0	0.0	0.0

Biplot	0	0

Site constraints	0	0
