Eigvals	71
2.022544988284852	0.9873077325285546	0.531529243905403	0.39163631200390425	0.3302347050200975	0.29805101591771294	0.2645473801260182	0.2402837525319216	0.20286636873420288	0.19712578460111416	0.17638199369030488	0.17150739442033236	0.15715871252107277	0.1525210263977987	0.14519913431469078	0.1398062039489052	0.13227305071990464	0.12401492502420575	0.11758766629983736	0.11386345569958789	0.10378641965340951	0.10139764364616227	0.09523781925848102	0.09349979866516692	0.08486749075808014	0.081191344585055	0.07958325443761169	0.07815556704033225	0.07271602313970557	0.06523289050411166	0.061918925929713674	0.05840795124533305	0.05632228468731886	0.054813766375644606	0.050965433381642535	0.05042143849082911	0.046859820238892076	0.04283640996013365	0.04132850581155129	0.03683405999575771	0.03628445581877958	0.03565015289890052	0.03134678294460773	0.02921558628484852	0.027452140441563605	0.023759628759081552	0.021081197727527687	0.019859906961882376	0.017461589673293535	0.016528210151541673	0.016344782231313058	0.015779014913561432	0.014527226293415116	0.011631483185147305	0.009511315310431066	0.009041097028411198	0.008309061424923412	0.006925218176591596	0.0053867124168601975	0.004825063683371163	0.0020258886062228722	0.0009529387792915102	0.0	0.0	0.0	0.0	0.0	0.0	0.0	0.0	0.0

Proportion explained	71
0.2347233817122255	0.1145804969046717	0.06168581778456202	0.045450756392230084	0.03832488630415553	0.03458985722651176	0.03070164374387857	0.02788576535576812	0.02354334780229127	0.02287713304389186	0.02046974394732323	0.019904029744787652	0.018238815295657747	0.017700595687945644	0.016850864641054827	0.016224996311733166	0.015350747673947932	0.014392363459442602	0.013646457725992149	0.013214250130431877	0.012044775042314899	0.011767549276845235	0.011052680228490423	0.010850976892588796	0.009849167530785258	0.009422537979205963	0.009235913523536329	0.009070225434589772	0.008438947442395423	0.007570503868481533	0.007185906751343066	0.0067784459256025765	0.006536397066142428	0.0063613282683940685	0.005914715837254574	0.005851583337782124	0.005438245149853072	0.004971314390776726	0.004796316868791669	0.004274720797052347	0.004210937320407474	0.004137324260007662	0.0036379032066905874	0.003390570420537488	0.0031859163959299984	0.002757387570047575	0.0024465463313849798	0.0023048112895309655	0.0020264782251703797	0.001918156284726264	0.001896868836493524	0.0018312095711352132	0.0016859351471735535	0.0013498740860453725	0.001103821228762314	0.0010492507613868456	0.0009642954830718182	0.000803695660131154	0.0006251467147185092	0.0005599654253911799	0.00023511142020536742	0.00011059186032232824	0.0	0.0	0.0	0.0	0.0	0.0	0.0	0.0	0.0

Species	0	0

Site	71	71
SRR6113234	0.3629545994803402	-0.011297777408537029	-0.1335939824198339	0.014357049891426235	0.013948763661405654	0.003587315099559045	-0.016440853309511415	0.10134662792245466	-0.05747101929597722	-0.013053541966811499	-0.03327390966486861	-0.023118941208719178	-0.018108702568021797	0.07839044416971473	0.04684954299813419	-0.06368972205355564	-0.05955904130338387	-0.020581071607602457	0.041581584029955855	-0.018747653080408395	-0.0330683529857563	0.03434922944677285	0.012924279350353354	0.016367623345029815	-0.031223850251153713	-0.010677821206553802	-0.019086899775905265	0.009649236353988839	0.0029931751197516867	0.03355597262656051	0.0025864154912289008	0.07410167630596111	0.012443361383946772	-0.006799721196255655	0.004790456685142223	-0.014600179425218301	-0.05070977189180519	-0.002185282757256746	0.02906622300353252	-0.014154016131399919	-0.012359096916684884	-0.042919985060468825	0.013869295351716241	0.048290266022506675	-0.027698627470873097	-0.0020783211919691968	-0.0016489922207795628	0.002529428181057676	0.005448440327499143	0.005396813769275231	-0.013159565915371721	-0.005168896246539639	0.0038813826398495684	0.006882119593068342	-0.003957684129112993	-0.01192442062293948	0.0035390492083434374	0.0026807767950533137	0.011332449989023172	0.003587883781671864	-0.004405293631055161	-0.006803199703160102	0.0	0.0	0.0	0.0	0.0	0.0	0.0	0.0	0.0
SRR6113235	-0.0035217780298368966	-0.05335626846442647	0.07340096493501039	0.026559620241405645	-0.08615815567131666	-0.04881437501125486	0.06378319120081118	0.003236128811359142	0.032633792959987744	-0.03108520348889451	-0.03836525865246665	-0.036495996719958644	-0.04466948342521882	-0.046355822554990864	0.017626497395504426	0.007637276923930186	0.07540864199777052	-0.019848863481156453	-0.014072792441600448	0.016442208341791043	-0.03036645503205075	-0.02313094505579248	-0.016692525538816873	0.03930321555209429	0.04941258607444963	0.023264025328294215	-0.05258093732326506	-0.03530411914240819	0.021273411922318044	0.02917188995755373	0.0038764813720853575	-0.008233558664214212	-0.010014248640285607	0.04859645655826625	0.000571040776617593	0.056162964460771174	-0.05907336037700881	0.01324521507693651	-0.009156669115807673	-0.023419052130127117	-0.04399778811102903	-0.02436566664804222	-0.031491724982566055	-0.0476694029492152	-0.028121277557476433	-0.015623638666313085	0.042231654181378746	0.013075073264440224	0.016335942296040747	-0.0063351102200100585	-0.018168342489893276	0.008756261060064897	-0.0060956906569343315	0.0008015709496384009	0.00563558869727084	-0.003680066326176554	-0.01672500600340254	-0.004761574391385751	-0.00035926191514717493	0.0009396651595274242	-0.006009339392236645	-0.0014674937074751486	0.0	0.0	0.0	0.0	0.0	0.0	0.0	0.0	0.0
SRR6113236	0.3199130988888841	0.012738778061631713	-0.12393131824124737	-0.01653614910191345	0.008903613328916853	-0.02389980632472705	-0.007887091141389984	0.10063007542372603	0.026659619930938332	-0.02588464163059893	-0.030034900770408816	0.002589537840029818	-0.0030543631560488406	0.07072788643052573	0.028779171686222987	-0.09164437618138879	-0.06826259806850259	0.0031902725296176905	-0.01628930433766927	-0.029275779023141896	-0.08052982967561186	0.012663542342660603	-0.01702814312635314	0.03076370169839028	-0.022828639564065858	-0.010672237054733169	-0.012063806163821758	-0.007453442883029137	-0.009619743754571551	-0.004759662560383664	-0.0011070036687047967	-0.022995274959400663	0.04845821502878511	-0.003661442248147214	0.01758313939896306	0.009379086128046128	-0.008037709390610638	0.0834886704993078	-0.021240780004284043	-0.006041148327405498	0.010574667966493242	0.02964193203217671	-0.00982191894186608	-0.022483085381521047	-0.0013561320063170306	0.037374855908313964	-0.0021244236725086376	-0.016438386817301608	-0.004922813048595724	-0.0014103624883904434	0.01571295903448058	0.021225345795888934	-0.011620639404238502	-0.01409917472054452	0.0010155300261333248	-0.005252975063721984	-0.017346751372023978	0.0014970774975365737	-0.007552444946292979	-0.007094156857306733	-0.00048084593506806533	0.004128027910338143	0.0	0.0	0.0	0.0	0.0	0.0	0.0	0.0	0.0
SRR6113237	0.33269132900455667	-0.0037000726626937115	-0.09718523051038384	-0.03399312188401025	0.008957756326635858	-0.04216803324683695	-0.01988670906140602	0.0471187407908461	-0.0005081190298773134	-0.046930839840158556	-0.040931294077699236	-0.002688766297000942	0.011038020662307284	0.02011566521683434	0.015635657490869127	0.011367556474871247	-0.016261784891045628	0.05676898216627622	-0.03684318397208679	0.0015080743838809137	0.08083067998590246	0.005382418526275658	-0.07873904606932976	0.019858584549480866	0.06807500464880858	-0.036966660650640644	-0.030156786215554725	-0.02992342723558925	-0.017996078761164176	-0.02703173802545377	-0.0259659638209611	0.015818693786245105	-0.005298426406835982	0.026971626849282924	0.0361371504443795	-0.024457186851177874	-0.029710462975487174	-0.04545835106562227	0.006823437119164194	0.0012959742831541996	0.030544721596087426	0.00999866325546339	-0.0042201224177303345	-0.0057914692965561594	0.016145554448262895	0.00817051397602109	0.025186680983480033	0.006014458070206574	0.007667377214335425	0.010353926357092778	0.022976415749321407	-0.003854660234521136	-0.012701708236005818	0.020741594667958975	-0.01007557884796823	0.027178504379971758	0.002872467558196556	0.006700089145128876	-0.009112750337022777	0.006623551441475869	0.009889664533128005	-0.0016504416867244062	0.0	0.0	0.0	0.0	0.0	0.0	0.0	0.0	0.0
SRR6113238	0.14145294809811124	-0.03649553192197787	0.091288714801923	0.0437511815687354	0.013255605657971684	-0.006252609415592926	0.06361050050903334	-0.07545349331812225	0.07770049717206123	0.03092872294235242	0.034425429090918044	0.03497604081894461	-0.006194802360687236	-0.03397785170920582	-0.050828135022539696	-0.008528072770287502	0.07429464398214038	-0.056264966662217246	-0.07789644479763479	0.021761202668534606	0.03506091889029696	0.02924975301321747	0.013452099496893669	0.020759030290817916	0.027369514165991603	-0.031087830592857635	-0.01687801330051332	-0.00808656716345205	-0.04221791647616012	-0.027989557371232775	0.06266487525180667	0.08643781440803423	0.05134364793625054	-0.021548710390645834	-0.010657077034579084	-0.006889960356642223	-0.06017461265126154	0.013849547055364595	0.04552158656045559	0.02761326810617609	0.03177949677402658	0.0300001882953549	-0.020763587273691198	-0.005668705485466121	0.004830761319637987	0.005236676988797146	-0.03351308511841266	-0.0002599969609105864	-0.012343101372672036	-0.006906964775983809	0.016502089779360327	-0.011738305900787711	0.01659837627158309	-0.0032753461507070668	0.005288889734891806	-0.006543988292029801	-0.00769837905199587	-0.0026539546491619426	0.0028946891562655935	-0.003784642052776959	-0.00011163988449307037	-0.0019270557077968042	0.0	0.0	0.0	0.0	0.0	0.0	0.0	0.0	0.0
SRR6113239	0.27153455631396156	-0.030898060915832814	-0.14823544536403283	-0.08464223366516595	-0.09520252065373172	0.03198462511188673	0.030429408690230222	-0.05481386248156362	0.07245527511474921	0.015044495189811819	0.06075308780695286	0.015071042868717743	0.017791335609281724	-0.043250286258357855	0.013159680473871813	0.01377984372126052	0.013013620809811268	-0.02331278920674405	0.09449692838168991	-0.022865748804499805	0.01423915837844384	0.04113765824023221	0.0175953746173184	0.04792112565768371	0.016532173468744485	0.022166815315585713	-0.009853865629536234	0.07651339320398495	-0.01288840199170074	-0.02418380849005856	0.02593021834847906	-0.011423638422996204	-0.030635470025298858	0.01034506454450522	-0.014543380615051319	0.06185917261282814	-0.03346370716043701	0.01493419855717446	-0.026793078592648047	-0.01770110765643801	0.013277772655715454	-0.02338075911497439	0.015759069203270106	-0.0001734918010324026	-0.0038482127298521186	-0.031222742333248028	-0.012833162149198045	-0.00873494843067436	-0.012845289061088155	0.02203601702781175	0.01899703519497981	0.009131468339924467	0.011204372716555257	-0.0022057921135449463	-0.01120373592317623	-0.00023085831565487248	0.026598871432544524	-0.0013203252445327823	-0.011910985406241883	-0.008593972156950073	0.00043751773872042755	0.005413443521526199	0.0	0.0	0.0	0.0	0.0	0.0	0.0	0.0	0.0
SRR6113240	-0.12300620364476482	-0.07599522188366446	-0.033228700332276345	-0.010787236713382513	-0.06602804064137807	0.010973649794503682	0.02818216315242536	0.06263878277048993	-0.012899489033722112	-0.00650035988176716	-0.014563706523796729	0.0984520006382339	0.09316584163652758	0.015005619972427307	-0.0788819057622646	-0.011792107658365412	0.044639283774858894	0.0022362663248960205	0.031538642127154966	0.00648395881091069	-0.039096954386413196	-0.054392502395253554	0.0016818239883268375	-0.0010861042375718822	-0.005645471520606075	-0.012731893218205068	0.011791028348884711	-0.028799299818570587	-0.009865786459163929	-0.009895021405598984	-0.05649819306985403	-0.012137779762633437	-0.019890120138646564	-0.02060055604232292	-0.0018681391872287824	-0.010909990948936918	-0.026249824069405042	-0.004982168420819802	0.0264541650726982	-0.020875111469133616	0.0074978880061137	-0.001651451580720303	0.03275738217036486	0.009193223068173051	0.002738152454024194	0.0026000211267399338	-0.011770652594465546	-0.007114967421789156	0.015777739553796973	-0.03995816636996191	0.025494523809401523	0.019486518904913566	0.010442676725168944	-0.018305261660470123	0.004138833328762269	0.020344451001257615	-0.004411265600496683	-0.014783887345970477	-0.0028637202298686863	0.009564686799068403	-0.0022525087398392422	-0.0019356567869730325	0.0	0.0	0.0	0.0	0.0	0.0	0.0	0.0	0.0
SRR6113241	0.3524506372053056	-0.0015448059074779723	-0.10572522000373268	-0.021459011020326012	0.004501073917687918	0.06899999666018938	0.052644215479606	-0.01752276516659734	0.01104369241799713	-0.0437699501322037	0.007436096402729179	0.018128192603895837	-0.03466988592296277	-0.021974400449842803	0.010843694668569189	0.03959463468340137	0.0717838241049962	0.017738434248925235	0.008394227730833712	0.05668163041276815	0.042002126182755076	-0.023338402397646393	0.08702167736287582	-0.01583759352383623	-0.03472253135822122	-0.010543081156573838	-0.035407120015019104	-0.011935449520352904	0.012436599720773735	0.012588421635521627	0.012784219154026465	0.014329763591002197	-0.002498389865104346	-0.04888029093298284	-0.007883651482345341	0.03931230952668601	0.0298100179005914	-0.020435515319963352	-0.04379998286657803	-0.04959624003929938	0.02480502926632635	-0.018032469715952452	0.03337604461924782	-0.01081602957723239	0.038741242070678236	0.04083557330546258	-0.015337302514896565	0.0354401249365413	0.007449503621619467	-0.003154025630882433	-0.01850189243786476	-0.00526617867299287	-0.02245091996154627	-0.0018462034642470209	-0.0005859201184660008	0.006395020932562961	-0.016522662142857115	0.009006468758525963	-0.000416066252838905	0.0006193399388420628	0.0010718378640880892	-0.0021598706789113607	0.0	0.0	0.0	0.0	0.0	0.0	0.0	0.0	0.0
SRR6113242	0.18722835259101941	0.0013725043998350523	0.0492310582657351	-0.045070739389590324	0.06408353177039675	-0.0459525062712394	-0.05420218694509424	0.1058788380641511	-0.058327306362471944	-0.0062903990386156934	-0.019334228958036135	-0.04972513973608726	-0.002515014084059527	0.006668695040056116	-0.030282928289436135	0.04482820232691246	-0.025643298289444203	-0.052646554133156595	-0.05383768478579864	0.0030629910459805927	0.0647063442540447	-0.05620871241839197	0.018123128081574486	-0.012107923624440423	0.03012054588564778	0.020268849310323463	0.01983725103424098	0.014687268996901101	0.004868031452743221	-0.031652513772060416	0.0319063902934746	-0.06326365890398475	-0.05428369752332008	-0.03385562394903961	0.013172286639616395	-0.02127557721542474	-0.012805202444355587	0.03253147524266973	0.0063982040787581625	-0.0369224227975284	-0.01733936670479526	-0.0009517673220418781	0.016096499803919515	-0.028144013748116543	0.020337661343606067	-0.022555137314564905	-0.005376409547719422	-0.015866312496128247	-0.00381973450345874	-0.019057295857332894	0.01919022620108653	-0.019821191255409234	0.013926168642749953	-0.002598532006346502	-0.0059899600190012284	-0.031164756472911243	-0.0012081371508628222	0.021636222828356765	0.0026884251556446325	-0.0017911547643296886	-0.0009110259359691861	-0.006241346489537535	0.0	0.0	0.0	0.0	0.0	0.0	0.0	0.0	0.0
SRR6113243	0.19403905198285196	-0.014770551679854688	0.06781180397475506	-0.026814140214429103	0.05836904707438542	-0.029943128775568838	-0.0845495952338883	0.11882657773291146	-0.05605777059788955	-0.01955847132760297	-0.03430162171390577	-0.0838958003731233	0.001580300264411917	-0.0060488566485217025	-0.06278704192194022	0.04058408579596516	-0.014250559875831298	-0.010414795982396554	-0.048509393106658145	-0.021214848592600696	0.07747350250698351	-0.02438967472884702	-0.018827952149388632	0.006221258764607017	0.0376944092263215	-0.001702917793769512	0.008266855687032493	0.02548759033075964	0.0025313147919004348	-0.006209200602634045	0.02784972374319242	-0.008530875889047832	0.01966699093149827	0.0110965774236293	-0.03645974375829507	0.006580973976443785	0.008306116278318112	-0.010820145153839628	0.018214171193627924	-0.01280693693593154	0.017440464747678977	-0.010996653225907404	-0.002212468029974487	0.010660957382501451	0.006541316195817734	-0.015389161648194828	0.002669920388495719	0.003170171026212367	-0.0062347385337607345	0.015542834782660797	-0.018613468204638318	0.025991047189306705	0.007700613285948626	-0.003060682528576185	0.006668485001886189	0.02073865080079543	-0.004121440055255336	-0.01622893905787393	-0.008149437770795642	0.00046534749466200945	-0.010228995133237495	0.00883472410774061	0.0	0.0	0.0	0.0	0.0	0.0	0.0	0.0	0.0
SRR6113244	-0.1094196852554133	-0.011211218216530486	0.028989666606083004	-0.14869623953934472	-0.03947659678011332	0.09028230203913365	0.007419558177913588	0.023549823682105675	-0.047929378710621515	-0.02952183536283277	-0.04596654898451581	0.007662943586495513	-0.10840169997040217	-0.09292647670782715	0.028607136470225978	-0.0826930037593655	0.008664136192056245	0.033741663018884725	-0.03981882011116867	-0.024212803621395076	-0.006782230585087722	0.04149963337841906	0.029051140376465612	-0.03682864948377625	-0.04229487335739366	-0.012169072820800925	-0.003735773138172822	-0.002831014471237401	-0.011326229555558584	-0.04095656190082644	0.0012614555451736734	-0.024365248210280584	-0.0030057112365187945	0.010075188106165022	0.011846753888953706	0.005542716616752694	-0.018003695901453877	-0.04147627994678531	-0.00029458894260170473	0.018139327528438047	0.001179384703913748	0.023667104061977924	0.016789164375209192	-0.008779630743555776	-0.006475562969387846	-0.026051105353127976	-0.0018641307948491868	0.010675621327928307	-0.013164278461032318	-0.013873882164150583	0.013595219054199718	0.005095847709777499	-0.023971325343563808	-0.008094734535142948	-0.00464120010178917	-0.014786323950799644	0.010549990661744977	-0.0006686410616702883	0.007888709615807697	0.007319801905183392	-0.004263748538861636	-0.0007647341927539949	0.0	0.0	0.0	0.0	0.0	0.0	0.0	0.0	0.0
SRR6113245	-0.006895208419898403	0.29338598189352416	0.1019252555627425	0.004756249719797906	-0.08196911636750766	-0.008326970803426573	0.06413876638306489	0.053033991854259555	-0.07502833427263941	-0.009268033211668586	0.04550433067905212	0.024426413795925965	0.010441830590357979	-0.008061926490551307	-0.07363152465720854	0.04860652019986556	0.0052753817990808	-0.04647915310478158	0.014843451257569324	0.0869604021657945	-0.029426175478274676	0.05906190688693307	0.05861660748092534	-0.007734992583156585	-0.0017816976246649906	0.04481746014065975	0.0023706637728271294	0.007113423969498713	0.046163418389879946	-0.06481945463941899	-0.026045525486021365	0.03939300265202952	-0.021492643159184626	0.055816925205504034	0.0743763117640559	-0.02848913073733252	0.024512165835199096	0.038938638689541845	-0.002950488371725392	-0.01069097804177718	0.02602808673992124	-0.004384666707432272	-0.006234758453412463	0.019536588470600424	0.011053172160282424	0.0020773474518558754	0.01242838498037719	-0.019107421394134835	0.006597659767296813	0.022076467133090198	0.00020015111398213116	-5.633124919326407e-06	-0.003499081977783147	-0.0017863589847212844	0.0009438500091395532	0.0028749182297172597	-0.0015411951306689067	-0.0001327030665259273	-0.001420755090442085	-0.005547737843647674	-0.001563463770073983	-0.00024260992681155797	0.0	0.0	0.0	0.0	0.0	0.0	0.0	0.0	0.0
SRR6113246	-0.12424966220517326	0.2529757913686933	0.012706036756367256	-0.1698156527703602	-0.06907724986100827	0.07007246348434759	-0.04843510250077207	-0.0006134747187527949	0.040738633436853036	-0.010471493316965067	-0.010745894231075623	-0.006901994021161081	-0.06668252643047301	-0.0866770351003099	-0.04644883194169936	-0.02219381392442041	-0.0037111130802770713	0.014437719691989767	0.012765700290352622	-0.04177835046289597	0.01812538040856285	0.005994383271061365	-0.07734565603159567	-0.012674217156323062	-0.016589646106848474	-0.019333072629846612	0.0451785869343316	-0.01784254251162393	-0.04113496811579442	0.034259571799109365	0.014150171252132181	0.01434228136395736	0.01161370272013487	-0.02676123372936891	-0.013656502119966463	0.035390394579974546	0.02287197250388134	0.016394833091397245	-0.0031636658515768246	-0.04095228635483247	-0.016504057049411533	-0.004152426568856619	-0.004123558852250539	0.04506163092552109	0.0035352190139956684	0.0021413279629274432	-0.002300032654217586	-0.03047695325907422	0.02270431328428968	0.006447214932390863	0.00455147550891206	-0.0026375617137328134	0.017031188633235276	-0.0077367430777547435	0.020604991586002767	0.008060270404293706	-0.014489237285497966	0.009063556009348142	-0.00788955380524034	0.005986125703488053	0.00032433604646810274	-0.0029737606533157025	0.0	0.0	0.0	0.0	0.0	0.0	0.0	0.0	0.0
SRR6113247	0.005452394195924731	0.28625769420804625	0.039602772512825436	0.23665327882591872	-0.07865070305576013	0.007935838628860874	-0.0628663706977528	0.02919475963997775	-0.09139123599037415	0.06082346035760234	0.007736519041813481	0.050755955938806094	-0.08077304627286602	0.02821963525228602	0.04886815408780868	-0.04732134124495711	0.019320927628105975	0.0050827846777460675	-0.01206999966136839	0.10619411747137111	-0.011722630473107447	-0.055866660035922416	-0.05391040987290523	0.04276438588280982	-0.047101877814939026	-0.03717471738738236	-0.07637893288958829	-0.01275899134755845	-0.005526793599632855	0.028743305267006726	0.03625094781089697	-0.02487136192375851	-0.0555895730073461	0.005437194474554547	-0.03916993534966643	0.006030252339893716	0.0077096941256003994	-0.01597621096941105	0.0014663779731809113	-0.002499478863268158	0.016161927673094142	0.01165490297196542	0.002750678823149334	0.0052341351546456765	0.006403275870757745	-0.0008978395749893712	-0.012560739257269207	-0.0055353965405805765	-0.013036193170441936	-0.0006517222257072599	0.0077300322669201105	0.008876678419636453	0.01775775787092048	0.0030779266271951846	0.00915703692813135	-0.0050655247097262076	0.009291154618743452	-0.002904703169370201	-0.0027161247964774893	-0.001357213413909111	0.0020251861299631474	0.0041708345400951145	0.0	0.0	0.0	0.0	0.0	0.0	0.0	0.0	0.0
SRR6113248	-0.24395670979516768	0.1552748932689652	-0.01497296567788465	0.0793930360632909	-0.11399809437972777	0.0878353763898251	0.07887106329424289	0.051720300130661895	-0.0038534340754337367	0.020306024477958765	0.0317027729136698	-0.01715947269343524	-0.025736020780912305	0.10876182574953021	0.011372526885541741	0.09126676600753468	0.014589162478170237	0.07599566071523976	0.0029133939429304553	-0.03885359541021913	-0.011340679097969677	0.050701572782623536	0.0008163031232404431	-0.04464881018611305	0.07934771678120889	-0.01888229709289032	-0.0073196872486539395	-0.013717434032726506	0.0006772278836461391	0.0028235588045077585	-0.007907482459767594	-0.005680066822288204	-0.027322110579760556	-0.03339357684995393	-0.018177471381534745	0.029115031723168268	-0.018228047908980825	0.01217581684896299	0.015864832663195196	0.008123714949165731	0.00697508643973139	0.0036341378299689833	-0.004020055807671358	-0.02115744160032535	-0.017211502190716935	0.010172176465551875	0.0007045433804719124	-0.006450053542794476	-0.00098407374152432	0.022028615074049115	0.012286881382176663	-0.012748170059674668	-0.0076457677519684705	-0.0072173869949158755	0.0031387014970318625	-0.007098135470856296	-0.010375464595771352	0.0022225054998451783	0.003899689696367124	0.010176013264836798	0.003773757118674681	-0.003861339257278132	0.0	0.0	0.0	0.0	0.0	0.0	0.0	0.0	0.0
SRR6113249	-0.13463253067371903	-0.07832240070068265	-0.030412340596105963	0.010561219778975698	-0.11184387246618732	0.034493575419245096	-0.015141603807583236	0.055143791059294164	-0.06796927781107144	0.00010934153673093712	0.006017263980384444	-0.01701250753429504	-0.03463008631133955	0.10562051794215162	-0.030929927391412124	0.07076870873794434	0.001487759864948388	0.0712814193842419	0.011545064226888361	-0.006423769266294588	0.0027656800721972846	0.10081344464464814	0.034037626791359764	-0.03861267649007888	0.044124095921441744	0.005407955138843504	0.00880302330779024	0.02893404984121677	-0.017892734851404045	0.013341545585981619	0.03087657386649349	-0.005701557533829103	0.014088985651952149	-0.04372446642055169	-0.014139052257549252	-0.009559041292287558	-0.004971257560754405	0.009677134866570049	-0.013063971887534838	0.02088432684097031	-0.014010871516447112	0.016770157761131815	-0.010455664728108363	0.009991961798876426	0.011229927611686246	-0.004884590801952755	-0.0029401761373410475	0.024458020179192286	0.01666062017177171	-0.030331207938010165	-0.008431089838756393	0.012231659694404222	0.009423397674222594	0.011628814102437804	0.006527384171657026	0.004957635696467337	0.014975311627286138	0.002057361773766278	-0.003058692015484213	-0.0032260114380984633	-0.007960365542203475	0.004762867650156914	0.0	0.0	0.0	0.0	0.0	0.0	0.0	0.0	0.0
SRR6113250	0.1435418244156772	0.3324112682758142	-0.0036867843009743707	0.10090674655097039	-0.004807854540768708	-0.008226072243688435	-0.040421066848771364	-0.07529009124481502	-0.06651675501204544	0.07342016562706878	0.029505824954781306	-0.11150857766029253	0.02916868679685587	-0.058797107219540935	0.025730721791722953	0.02834050706062039	0.035039616363948436	-0.05698116138101798	0.013552463632026062	-0.07825252149089013	-0.0033262400779507377	-0.022165368535628536	0.008255359616526669	0.08529057650951517	0.04077227553666587	0.020719582425219346	0.04782913963313853	0.008123983479780461	0.014247555574866457	-0.002643437650781327	-0.044699777914954456	-0.021422109246426815	0.05176967219313142	-0.059509288587855015	0.0068027220638179845	-0.012704447976845903	0.006933603401546241	-0.008277249635788938	-0.02453108239029029	0.0027530835853828363	0.002479751466471764	0.010504321340998586	0.009365176501233979	-0.021528906040121042	-0.03328629325427386	0.0310273153531049	-0.007644423817878368	0.0013862708168975266	-0.002569065195430075	-0.007182751659853908	0.01074258947071034	0.0020445608256455276	-0.013735874660240514	0.010406517151218729	0.006731603443295153	0.003239027485303766	0.011496342319424535	-0.006295536010798857	0.008748408153881436	0.006155358677574704	-0.0018173314610036501	-0.00037638816220049253	0.0	0.0	0.0	0.0	0.0	0.0	0.0	0.0	0.0
SRR6113251	-0.04700125630868654	-0.05446823569090113	0.06057938974155461	0.026542795529379867	0.03102821185377212	-0.08436416395244128	-0.057763176782063774	0.012419183482321619	0.02052129674151439	0.02870619116680705	-0.06980066466140313	0.0011224211201934663	-0.015336744390677004	-0.04141592828570035	0.07683983876569951	-0.00950242594376135	-0.006442504030272294	-0.010448005368770394	0.09020587862400281	0.017090637502256905	0.03052992029182567	0.04223405338548299	0.09203657899578269	0.05829749360260725	0.04283264056959369	-0.07845729834039405	0.018631755788504074	-0.024634925439914013	0.007845854771487727	0.0009226112761704536	-0.028094601834348917	-0.015453606126830171	-0.028962404188036552	0.009322858750028546	0.009559743590434763	-0.01965214166635509	-0.01372924733603277	0.006084701271288872	-0.026800156032193417	0.038041100553407356	0.03284425989951449	0.01531935500410848	0.002459478281392792	0.026226248903647158	-0.014568451679762173	-0.020775263750684763	0.0028649195708894968	0.007592610061030677	-0.0007853071456317171	-0.021038197042997624	-0.0064511904085636715	0.006756547435288294	0.0017700622654142264	-0.01698910394665462	0.0036851776737081166	-0.0025124619689184087	-0.011619440492822505	0.01660977427144239	-0.010061524959812478	0.011411254566396236	0.0036165788140350252	0.002722740415319	0.0	0.0	0.0	0.0	0.0	0.0	0.0	0.0	0.0
SRR6113252	0.08960443421649256	-0.017439476683789038	0.10520036010045722	-0.058136112976793615	0.045100217439371273	-0.014629321443358071	-0.01902207802284798	-0.0322915243727229	-0.007693609808158317	-0.03657966470010058	-0.07600073955537559	0.017471112386571057	-0.005112898734148211	-0.06798371117065004	0.0034634970796347214	0.028512831003790786	0.032928872710450585	0.011643705401398549	0.03433827801134308	0.036693606561871414	0.025526850403303245	0.03252611653004944	0.04135304518759292	0.007629778736936988	0.061203114211738414	-0.06509456717940856	0.02366837473504847	-0.01737311258387361	-0.01687258778591759	0.09411271426378293	-0.017384739595928976	-0.028324933991250478	-0.013132522568701562	0.017521236588622438	0.0007720809655707051	-0.002607506444748857	0.022240624547599872	0.03135070073702503	0.027659293162858915	0.010172326455549217	-0.0012124391456086027	0.01023276542271125	0.011469954462620746	0.01697260621612609	0.001927557974164027	0.01798528181112622	-0.006619282904257744	-0.010045604198263908	0.00941408454189037	0.019260109057840005	0.0004530477311894933	0.011394642916076274	0.0022233259792514013	-0.002888041825784139	-0.007035758681467828	-0.009137223209610891	-0.003162902119232394	-0.019251717610742587	0.01526776252647119	-0.018404892861944508	-0.0016504238650441045	-0.002457058880052225	0.0	0.0	0.0	0.0	0.0	0.0	0.0	0.0	0.0
SRR6113253	0.1612702407708238	-0.027715664737807663	0.10059170245176764	0.10001734706812063	0.011249682773890426	0.03412241866644198	0.09949657623232427	0.007575960784668438	-0.03206550898128795	0.034044162568038314	0.04365243386053633	-0.007690092675759918	-0.02092097780655604	-0.07493988696713184	-0.009757359838034121	-0.020223677619951936	-0.02218655851752703	-0.04699619034947349	-0.1111096586494839	-0.04931673545766089	-0.024469662088284206	0.04853477591779462	0.0061482535957507935	-0.08781149935425331	-0.019008680063155307	-0.00036196826410705437	0.013233770756513172	0.008708896373969939	0.013602590343206319	0.0961229704078921	-0.0608436538323443	-0.013642341273623378	-0.009701042222374648	-0.0018630523440470192	0.011194715081107589	-0.012353884662568206	-0.02933041060417428	-0.014294963318364351	-0.0016019678500884243	0.009130888484017628	0.02229511561025545	-0.04655216852151806	0.020978400649320803	0.0060626422329396416	-0.01051107084711717	-0.007012884678449664	0.0037988810431608317	-0.004087200783003505	-0.011212210006984288	3.447033634873555e-05	0.0031118885596879923	-0.0034205469976667287	-0.0010194454897023118	0.007533742385497723	0.012971196423030651	0.006246427145312481	0.00441199097638179	0.0141006792431452	-0.01990391368168812	-0.006270724449404647	0.004290328344988911	0.0023037657688820324	0.0	0.0	0.0	0.0	0.0	0.0	0.0	0.0	0.0
SRR6113254	0.30898220489660877	-0.007222158416809737	-0.08999465561892951	0.0007916644346776411	0.055188674466973855	0.11126629716538729	-0.019657858668662855	0.0001785656406811698	0.00246204328225962	-0.0008053919201780412	0.014835685258861094	-0.02462110595753488	0.006475563752540434	-0.019924356417663165	-0.021788233729387714	0.03144303642154894	0.04340939232013291	0.07685379430316297	-0.027896073997731557	-0.0013158034916677431	-0.05602993664896343	-0.031289910478432825	0.04321975565946845	0.004549741282268415	-0.03832696991962955	0.016282196412391967	0.04334581021045513	-0.11298753929700808	0.06826268187599294	0.004603110188069154	0.05528191114306283	-0.020407878574974586	0.00016021688312603842	-0.008644544892019995	-0.0076464212192119746	-0.059778810309877535	-0.024789656461811294	-0.009065170628272437	-0.03656879591529171	0.028895403992195135	-0.013162350340858298	-0.010911294174986512	-0.022828607337726528	0.005853003579913668	-0.00949226005286911	-0.021391043676646883	-0.013455159302668829	-0.008856393470682053	0.020059665788052707	0.019105821618728196	-0.002541820005536368	0.0012475727325031525	0.02088728640621411	-0.005417695739323189	-0.012604052763473747	0.004465580844417432	0.007697127742139635	-0.012480934346624497	-0.0013096861868346034	0.0012053070442485279	0.0018820405634164337	-0.0006788215960271011	0.0	0.0	0.0	0.0	0.0	0.0	0.0	0.0	0.0
SRR6113255	-0.13521410125329897	-0.0906070864232595	-0.01888441733077844	-0.012404496615768383	0.13156885859729622	0.03444572007105828	0.11064302710966085	0.020555407607019637	-0.027783147169214886	-0.02711180787936153	0.1045402447718535	0.04013428429463639	0.017991315022554542	-0.00960712529507187	0.06180092045741027	0.0002839282547185209	0.0015310596619133622	-0.08739419547150822	0.047703120366509	-0.048372173317394525	0.03356887774983259	-0.003195791691144157	-0.08405272319547646	-0.03509297933636752	0.01361451119128989	0.012140501825894916	0.005018470437693411	-0.018557846059713654	0.062409585508159914	0.035675265407963536	0.06639224124575878	-0.0350446213961679	-0.041376381558995444	0.010418647698714084	0.049385372606879106	0.015878155065526246	-0.007875340244991204	0.012577086125057552	0.012464765722659922	-0.005315316915754071	0.031015047485314567	0.021051712273564532	-0.04077125427534476	0.020697539069060154	0.0012073711777313742	0.021934453262111808	-0.023100558436124095	0.012382644833591857	0.01875997644616082	-0.019659900302334075	-0.003990835881702047	0.018997973413805113	-0.014252154020692076	0.0010737049556563288	-0.0015463226413830419	0.002793586875933962	0.009094046987196505	0.00029062397596702594	0.006932825536849937	0.004584172974773117	-0.0015692581141085263	0.001060307816150972	0.0	0.0	0.0	0.0	0.0	0.0	0.0	0.0	0.0
SRR6113256	-0.21767525273225127	-0.07216007335244137	-0.16860065608782	-0.025723570622929858	0.10932529551352226	0.0012602006190622179	0.08479027875891783	-0.01411291473303459	-0.13788946299366112	-0.03063023326191891	0.0010040948250351102	0.028729477862328448	-0.026247238016949868	0.019802954003687836	-0.02239334727280442	-0.0032208181422752626	0.06325266486512085	-0.10515180084925597	0.047132187723738714	0.0533811993360614	0.0020149459332918732	0.08366056324248138	-0.08593345737330305	0.019120225641739177	-0.02031762141630596	-0.08114787075348524	0.045583579855925184	-0.01622114051090149	0.027220106369741582	-0.03807234696714893	0.002758564625968819	-0.0057606868947760684	0.03480881736646508	-0.032383415958092465	-0.04325079141544771	-0.01608283535836823	0.015950238104612473	-0.004026192060985535	-0.012181491539279669	-0.004364333607304752	-0.015730844034128704	-0.014140051069124053	0.018408597091397888	-0.02366003057761764	-0.010045188607773772	-0.023605056675461453	0.026902049090271836	-0.0012740327566748168	-0.012027263639907151	0.008065412343777797	-0.0009571474967347149	-0.012579898616495729	0.0014157995397262816	0.0010278981222846	-0.00287559989852572	0.0006951985863497771	-0.00972890802051911	-0.00379654089234984	-0.005394449914670497	-0.005630090077657335	0.0024783541119973627	-0.0005378082171749438	0.0	0.0	0.0	0.0	0.0	0.0	0.0	0.0	0.0
SRR6113257	-0.08171447473510962	-0.07500942033681551	-0.01132524436547915	0.05054392654780689	-0.10658456301653417	-0.0423101880381716	0.03647645155010682	-0.07778599753495503	0.04200499697757705	-0.0895243180428369	-0.005350647579188274	-0.09534687252132779	0.0026967763858077383	-0.008142234804188702	-0.05314628618119067	-0.00713469192076588	-0.047536074621532615	-0.005990613075360785	0.025784564165892882	0.011139729210461514	-0.00915039288774544	-0.012636010584195357	0.0006690586041829586	-0.03458506363145968	-0.02773888003732332	-0.04018661338106294	0.0005865056489452793	-0.0021484304021462076	0.008529230031054059	0.026538524793385372	0.015108536208827801	-0.007328915394334407	-0.015315157516013787	-0.009679929815989618	-0.033470527136496696	-0.015372933942226528	0.019624432474512343	-0.026163003917590546	0.002217960853295432	0.010624479530712487	0.03191465324547318	0.018376906556829577	-0.02302895446456614	-0.010633827322065949	-0.009610482952691226	0.03957536381282333	0.01648653932799828	-0.04102072913238341	-0.002544851205346425	-0.003103694520719331	-0.0002846255815579318	-0.014655924986442708	0.00012251064192798014	0.0003962726534029005	-0.0434322804648766	-0.005564856439468787	-0.0008724686610092682	0.011826959460252834	-0.012701425056265056	-0.0004305210065765601	-0.011414136243220527	0.0020393658027071156	0.0	0.0	0.0	0.0	0.0	0.0	0.0	0.0	0.0
SRR6113258	-0.009973512419622426	-0.024325182604858366	0.07291003237676405	-0.05833685306644212	0.01057503018360424	0.01179329096621692	0.035883666303537586	0.03284300727480601	-0.02328643668544926	-0.10583627528270985	0.023743384367532806	0.052513490532209384	0.06167165859319052	-0.07403508636702014	0.09099092213563027	0.03683903029672055	-0.003581039355262306	0.0398462747786752	-0.05483550089845049	0.02302051328715829	-0.028834698367493312	-0.006742512101930627	0.001976687511835362	-0.02895288576879423	-0.0042859936966337595	0.007311359713448816	-0.0171088554821184	0.052041658061474066	0.011076330661059557	0.019049817541963505	-0.0002025489040805192	0.018410361889226227	0.029547220226976385	-0.019476156859084836	-0.041829749530412096	-0.025736614619537412	-0.02810192982544	0.024757092254465294	-0.010150053789178132	-0.007325583440578823	-0.017578679444510564	0.038206426211544464	0.03202889724839864	-0.013644505055738856	0.009222172578105656	0.0009900937811120765	0.016326839856197775	-0.015903193789889514	-0.007869081397604106	-0.0005007875903965027	0.0063785834241760295	0.005866054738011054	-0.0038132691848330796	-0.009000733642948969	0.0005589149769138481	-0.0010144713342226032	0.009304497698778768	-0.005555030421832287	0.005907379270868531	0.0038460876147672087	0.0012177010719663368	0.004789378595241539	0.0	0.0	0.0	0.0	0.0	0.0	0.0	0.0	0.0
SRR6113259	-0.15096849637572995	-0.057764184358348285	-0.06247875382224793	0.02501734536616951	0.08829294119055069	-0.035001589058565395	0.03461057673908306	-0.06477878851150853	-0.05320844109263395	-0.15336986570022126	-0.011197118496108455	0.013979660458414386	-0.08271170461579273	-0.02833047116528816	0.04976405425467553	0.017963003082326068	-0.07256330589368667	0.04170534848727635	-0.0510386375033838	0.022186418234770713	-0.045947352643823505	-0.01480823563589274	0.006086543826341521	0.08836318274073748	0.004175463893306184	0.08668226299689462	0.05526682546875189	0.0013056183419845914	-0.027848670118314933	-0.004129333319180062	-0.04287397924169541	0.027115018468516324	-0.04374899157806665	-0.0502100932289942	-0.021892894848151934	0.025854921649770737	0.02365761441735929	0.020726836709969276	0.02631524965384471	0.010476702414602123	0.04508687148359462	-0.01718748471645338	-0.04527315317108008	0.0021204772491283204	0.010854129017859206	-0.019199561449021768	-0.0032253995183615493	0.01853476558242808	-0.0030746606081828577	0.004409420941451523	0.008273079210211056	-0.001501189762321655	0.007431882144021069	-0.003186666099646847	0.0018585951031166803	0.005516755855337547	-0.0010877595612470946	-0.0013476105660252804	-0.0010379174174131027	0.0012698073433570446	-0.0005941040175269921	-0.0020307388908367306	0.0	0.0	0.0	0.0	0.0	0.0	0.0	0.0	0.0
SRR6113260	0.32665910353207367	0.006566265403418116	-0.11196689364702908	-0.010089331305295365	-0.009488954436795321	-0.009449107215566839	0.06948912380432322	-0.015488712673674578	-0.06882010455175601	-0.04614473321683667	0.007884710758453421	0.022204981150673087	0.007654841890701239	-0.028802827634604393	0.0029981186416707683	-0.009011569410921674	0.0035195122277988803	0.08451304859780971	0.06536400297419227	-0.004450372905192008	0.08009807080074681	-0.06351600517993865	-0.012019897618299533	-0.04711896179296057	0.003893997058411938	-0.007612335333054303	-0.03933086341558799	0.014998738636954952	0.020265209936702996	0.008262604585019933	-0.026159236871626388	0.034830857623381256	-0.002517532648674313	-0.02483411861785599	0.062050301211385536	0.024697368643268124	0.043258772072258596	-0.005481728590539114	0.02525703743969337	0.041517847850927464	-0.02629688215206351	0.00342804147871517	-0.01556717089849956	-0.016664915768269988	-0.029577199531790048	-0.015549823327601664	0.0025333918871172007	-0.03474192577236759	-0.019250538260464592	-0.011612769589437313	-0.009880844328596572	-0.021499147594383775	0.011895943046694866	-0.004255549821893784	0.014465908276578022	-0.007187425735722838	0.001977487032913067	-0.012733698295670639	0.00436864549810231	-0.0006938803678214492	-9.683024530463498e-05	0.002812234808391994	0.0	0.0	0.0	0.0	0.0	0.0	0.0	0.0	0.0
SRR6113261	-0.18458610702012374	0.18604734234154904	0.06541062917878633	0.007523547882850546	-0.011528718718780565	0.04871638584234291	0.002374883207538692	0.03516634230506003	0.027283076406630403	-0.1328444419808502	0.051685755569812815	0.052012813308938005	0.09518347873603415	-0.023032496704547933	0.11462406157650165	0.06739983077359772	-0.05755828007804581	-0.020825586417700413	0.0015175679801490917	0.022627531688906553	0.015523155309343367	-0.021102137502490702	-0.01287983837113795	0.02150004006507987	0.006535128635038704	0.008759626814635888	-0.018433790000624034	0.03346881066458334	-0.006328634695929461	0.01037203978358486	0.01716673082843765	0.023506199395283183	0.035933421164406815	0.027425743963407797	-0.012237960085232901	-0.03390610953148631	0.010752985066538516	-0.010723335013392607	-0.011213301333976772	0.013914407680917944	-0.023135800542629197	0.0011811694176128767	0.03573140203838379	-0.0072475783845403745	-0.01765248614602641	-0.0008861931202465721	-0.008516973134492458	0.011050010000673103	0.012817076720352693	-0.004082587212228086	-0.013930975640592924	0.006739859066171136	0.018580225030695268	0.00978414298889476	-0.010239794900127708	-0.004046202938136285	-0.006617294470668271	0.001832730493214493	-0.013779754965430824	0.004912001164433189	-4.820895612907637e-06	-0.004589123630561119	0.0	0.0	0.0	0.0	0.0	0.0	0.0	0.0	0.0
SRR6113262	0.057862488566122625	-0.03184480847156137	0.1440601507159087	-0.0310616136520445	0.015010245786817734	-0.05597381650663885	0.023101532278705837	-0.09490372253979654	0.005634634707809675	-0.042101954535674	-0.01038905455851473	0.022906579716846235	0.007095671699483159	0.06846513771721623	-0.02749891704945604	-0.040277161039148406	-0.005288141058499224	-0.0042611891162912694	-0.010334863803679846	-0.03188229233149347	0.03293338491591171	0.055925594760712655	-0.02435529035991083	0.04661382280599882	-0.01156314791835336	0.03596832766360233	-0.06600352938754421	-0.0184538013233802	0.02658962178544797	-0.0022758421717552066	-0.018520578162736494	0.006473550713280437	-0.007929463502411974	-0.04726071835898789	0.019216315608329038	-0.005966801105197818	0.031296975659130206	-0.022614883894384596	-0.007702499096689538	0.022148616985112616	-0.04827464069388814	0.0014123219262002587	0.01338381714027237	-0.00906124174015214	0.0050802648402051	-0.0030511197303926263	-0.022110015870411687	-0.010447267916380183	0.017430540801708888	0.00410406750335006	-0.004930647222457535	0.023396524975057138	0.00511052322893868	-0.017235378988041124	0.007299556791666876	0.00014686434163896616	-0.002839465869948946	0.024204360115437737	0.005300823517369177	-0.0018045733539433983	0.004955941729668533	0.006160581673647168	0.0	0.0	0.0	0.0	0.0	0.0	0.0	0.0	0.0
SRR6113263	0.11416171786965212	-0.0356140273892984	0.10144286501889639	-0.03089553355445547	0.0062759882771763545	-0.010226254189219608	-0.0185820048390902	-0.05200663838411145	0.09178776485802681	-0.0171941525229741	-0.0377474889399297	0.00882409891266753	0.018333015798372602	0.05706304461383098	-0.052937174269852484	-0.02832365511755074	0.03511744003877132	-0.013145238961048137	-0.05278211191280337	0.0273174762751921	-0.01855324110281326	0.05869352668263502	-0.021070688927712654	0.011755663847214404	0.022414863597564786	0.02814234780035786	-0.009824364569546773	0.018007704167912808	0.024265333701712494	-0.005127806790397188	0.0019487705846817707	0.0017020025571742275	-0.02310030863590139	-0.02258181675526027	0.0018108493338782903	-0.010227307537761791	0.03038818193753523	-0.02566520310528678	-0.019523776076801846	-0.028117829817986	0.004643488537251143	-0.015031604400220272	-0.01230014093906047	0.0026476977873631543	-0.01978982737071792	-0.006059727118265608	-0.001256841758239262	-0.022821388263922226	-0.002573797365544682	-0.009117967335209308	-0.007276368993472276	0.0233255546968303	-0.00842413681021745	-0.008007724690260195	-0.00976108767842176	-0.0182319706524892	0.007815910575985314	-0.022941627002475328	-0.011727148970513272	0.022583532318453583	0.00932804649620792	-0.003284706989459178	0.0	0.0	0.0	0.0	0.0	0.0	0.0	0.0	0.0
SRR6113264	-0.08230305660096106	0.2633062560122242	0.0718685300070708	-0.022776658285343657	0.0591414471046322	-0.09568597851812725	0.10161442443289954	-0.16983603774538794	-0.08688106443013101	-0.06068035266186772	-0.029238888680954377	0.030872287707855328	-0.010779750098227908	0.1355763305728054	-0.01660131310577518	-0.06861941055928901	0.04305785523208365	0.03319425872581599	0.019442639420218278	-0.10730646450629323	0.06968947248103449	-0.056007196069532	0.06366252332818745	-0.01893489444802176	-0.04036350943810035	0.004294077141196418	0.027725536258852962	0.009423707353118616	-0.015113878893048539	0.007439328050778913	0.012796758819243878	-0.004386526578187594	0.005331744685037139	0.05869093511251079	-0.03368847062686636	-0.012185339897148548	-0.038223908496630564	0.01926948218341335	-0.011699602767214035	-0.010328098853611191	0.005812962921034711	0.0004417178947851296	0.006482282333005502	0.00398813591078997	0.018374602863553663	-0.007378981369970452	0.011468485790765435	-2.4931141298888845e-05	0.004738107202598356	0.00535509657340285	0.0027490736390358996	0.00584848150873003	-0.0025115749739009004	0.007336390788714029	0.0002094456088733521	-0.0010876556971470802	0.0012649188097906597	-0.003226132792413812	-0.004471878392795669	0.0028432316661057906	-0.00015315009684611547	-0.0012126305633937135	0.0	0.0	0.0	0.0	0.0	0.0	0.0	0.0	0.0
SRR6113265	0.03844954024214036	-0.0358015150233079	0.11486340390310867	0.01325587829229115	-0.025147540324955833	-0.05911265694158904	-0.010865141364618148	-0.020634485142785722	0.017083885883093324	-0.06893504949416786	-0.042025574036489606	0.03580805135052125	0.03221308060327468	0.02533021705052394	0.0003099407978852131	-0.040859743716835574	-0.021768202903236913	-0.004183951111073552	-0.03369718821997606	-0.01389470583059057	0.0024305667050421747	0.07349463198093759	-0.009893884715559048	0.03531005242548905	0.012728497671451157	0.01147415617176008	-0.0354969709440314	0.004711259119309585	0.023789165627458572	-0.01721571153778201	-0.002291665855127829	-0.04058124985203434	-0.011852073626354405	-0.003048654891233015	-0.0024170674545260723	-0.005623145876920239	0.003215950196450334	-0.04038435718154964	-0.0304277855245523	-0.031551250052020426	-0.023166284977882288	-0.0017071882726876428	-0.01201759713782832	0.030949545956097512	-0.01758875773061318	0.025012153619156294	-0.01212839323549657	0.017410157247633794	-0.006944809376763133	-0.00627963645987736	0.006374089584839402	-0.04095614517938605	0.016661187508386837	0.0035512949195832017	0.006127928151148542	0.012196270453809154	0.004932412374610783	-0.007937046063885126	0.007737078668078708	-0.02050925288081166	-0.009804747456095962	-0.00383689808130069	0.0	0.0	0.0	0.0	0.0	0.0	0.0	0.0	0.0
SRR6113266	-0.09539354141941234	-0.060659416453115914	-0.002161777536544172	-0.07929409469891315	-0.06565610892939915	-0.04179280454829053	0.025356478771756074	0.0797893588477509	0.005315985290596597	0.01620926899792877	0.08037512659665581	-0.05330333973902408	-0.004545575984827278	0.02491192450240958	0.02780466823509205	-0.03435506847087827	0.045586536253558727	0.009512274492456325	0.01525123393853092	0.04214847707687441	0.029482857750590057	-0.011311419582423638	0.03382483443569946	0.009081421763218987	-0.00406194481228975	0.03261659314979853	0.0264856697036226	0.016949225950174358	-0.036745286064004734	0.0479868836432192	0.02234216196514084	0.008751467018480468	0.06094172924768746	0.017094375883672595	-0.004082252910443206	-0.04590164063218603	0.03074408659881493	-0.034045747776327316	-0.013014095764380009	-0.03856717275041435	0.025085586033081968	-0.015233945722291576	-0.050390256075550234	0.0006355084321856459	-0.007515175129739692	0.005365532771742625	0.03847659477206511	0.002751489834775827	-0.010241129091770081	-0.015459218101412174	0.005444198974546268	0.007642174838701546	0.01685790092113556	-0.018678332314280385	0.008423007865905444	-0.00682808045579364	0.007427939516071478	0.010398654918656108	0.01627450971038496	-0.004274184419309414	0.013038123132688437	0.0018692737356366474	0.0	0.0	0.0	0.0	0.0	0.0	0.0	0.0	0.0
SRR6113267	-0.11825215255668127	-0.09385597002890442	0.029654767976071715	-0.026465126216587316	-0.07347488137716326	0.022836240279498852	-0.05976871890536446	0.0761187954052162	-0.00102876023576863	-0.015578497353840594	-0.020857501765646956	0.09788506465923882	0.05833987930410647	-0.006088191012766718	-0.05349561140616701	-0.00670891567064505	0.014800199386684719	-0.031185283833899558	0.010052640380007557	-0.05241339387526909	-0.004098521491221394	-0.046220278806504395	0.01946135761304795	0.035370380142491685	-0.009782296791887121	0.01317727718395877	0.014138963554477826	0.003956254031481615	0.006151410751596362	0.009342549822307169	-0.0165966183875883	-0.009646259008306098	-0.018006528800660854	-0.025171344684202058	-0.021480169566741317	0.02635044558416101	-0.027322503160890837	0.014420624262299045	-0.015265605777877356	0.013148745702998316	0.0004604092093305513	0.008285040096349287	-0.019174946005865487	0.02476337026963149	0.0025520559916985494	0.011876850646746618	0.015285651656619187	0.001467230694220187	0.006655771902320912	-0.008198321103363432	-0.012405034089088272	-0.046029958675861654	-0.0018503661150861687	0.029800484490848295	-0.00485434489722368	-0.01229549545085826	-0.0015420583499257906	-0.008415196088824382	-0.002090886664955058	-0.0057395662708187994	0.018066421499622756	0.006498342515460563	0.0	0.0	0.0	0.0	0.0	0.0	0.0	0.0	0.0
SRR6113268	-0.10897674070522675	-0.08426848375115419	0.023893474068251794	-0.020507715767390477	-0.07802432545230303	0.016995345053898818	-0.02703783862694924	0.08015588805714673	-0.022712969516217107	-0.024146628324986333	-0.04041618535356213	0.09318102495261338	0.08070426700873967	0.00817003758024089	-0.07769455986993731	0.007234219037567172	0.040732496203731414	-0.049932469025402736	0.036194516108306665	-0.034435254329585205	-0.0196552156934575	-0.061711754514078426	0.000760093170852475	0.02261998271630704	-0.011244716339576778	0.011758573928861735	-0.020571102840898785	-0.02248857378087165	0.005548306091265022	0.020297093268820485	-0.0338735733526115	-0.0062287318577344845	0.034983064362838115	-0.0212779338155695	-0.003250844118008689	0.0027215211106953966	-0.005785679219962569	-0.033235037735071485	0.016842961426135637	0.02791663589718823	0.02533412822212233	-0.01421625782963558	-0.0187406625055217	-0.01768605010964506	0.018743144761249417	-0.004184043431534647	0.00016223105258255757	0.01202420291758739	-0.022034254484071664	0.039884538011243496	-0.008769907243083018	0.01574494755815142	-0.008238179120407613	-0.0139332000870674	0.004267491364645683	-0.008521794160434918	0.011248000987613244	0.020294399477090063	0.003696445312878012	0.0002794317329089039	-0.011481546657112162	-0.0023276881398703185	0.0	0.0	0.0	0.0	0.0	0.0	0.0	0.0	0.0
SRR6113269	-0.03128630027013578	-0.07272064783207798	0.08134580289755072	0.0700540818356429	0.023281290741432484	0.03748974811152045	0.20683758639861397	0.06977464477611522	0.07189339726569087	0.0855567106473823	-0.16385486765872434	-0.06594136299592913	0.009879869880624413	0.0014620251030011662	-0.010909388849935385	0.05889463694363854	0.037631941822996895	0.06051209161543602	0.008239104910146258	0.003677485062103024	0.005807607806947087	-0.00881332929648712	-0.05488019013661914	0.07855167162000536	-0.10190303511420275	0.022353418924489363	0.049112077913654725	0.08153451091481867	0.0018737583727288308	0.005562176903358915	0.02866869231154106	-0.003713013784807088	-0.014021374889192402	-0.0006464836330308702	0.03454919749789695	-0.008288638428590013	-0.002085748122348592	0.0005162652867396728	0.006107924674430282	0.014973924512678136	0.005061904287211616	0.02312916116354466	0.024625667700196564	0.006274678097950297	-0.0010520765266938143	0.003558687710894617	0.010727202337718936	0.0039997814671313995	0.003791088563316484	-0.00019098573543252783	-0.007371102711999284	-0.006710738976585185	0.0006549115060601807	-0.0021596954032220513	0.0016153137016044527	0.006673090376652661	-0.0013212322314087967	0.0032275569837704157	0.0016392422618544888	-0.0018896721567351477	4.298097936924416e-05	-0.0005593781925525645	0.0	0.0	0.0	0.0	0.0	0.0	0.0	0.0	0.0
SRR6113270	-0.22036941400472715	-0.09323007085981755	-0.1676459657423539	0.13368768775939158	0.1540797780651661	-0.010813285216479058	-0.056240643769286544	0.031528909829228235	0.046970535532443375	-0.03647496288901925	0.00035811719716655443	0.011898990647723548	-0.05752215963143712	-0.048135598595159874	-0.09335067698847184	-0.009169726565576002	0.02478437712914066	0.017409339680546237	0.00026125636842256125	0.0011637979676165794	0.018784294754014882	0.026807731632284667	0.022816369087047775	-0.0018523481815074102	0.013144513309194757	0.05164518298899675	-0.03508553358225502	0.011871054428388903	-0.0053330578790930045	-0.01748441232654126	0.003911842861124137	-0.015229204805573352	0.020709485988195532	0.021457184530481857	-0.015432357604958511	0.003856692171583664	-0.005322642279731777	0.016319688057317802	-0.010129955930144777	0.029521203489369506	0.0022333860565148865	-0.0009938917012656814	0.02237332601706515	0.0004568300874328987	0.002199309913192392	0.02153626972810003	-0.0003266738069087334	-0.03285874423681445	0.004412197997536259	-0.00029265291172859124	-0.03554597562518008	0.020339001935905442	0.007826559610417479	0.030300900872136514	0.01539287708722737	-0.00923763595977935	-0.00033614154268959116	0.010513624031184934	0.0014356065417654351	0.0024265222891561773	0.0038350024774048094	-0.0023579758681097317	0.0	0.0	0.0	0.0	0.0	0.0	0.0	0.0	0.0
SRR6113271	0.024428052696657186	-0.06930235975546953	0.10778199449530265	0.018588538200533387	0.03577211151522395	-0.024282984066786258	0.0094567884303277	-0.017779479884385413	0.007613746049779227	0.0379648750895323	-0.04703136160742441	-0.05247618594306409	-0.06920290997820917	0.003378866067199353	0.023311839027108507	0.03731086211088618	-0.010248433354055356	-0.07357372898192886	0.08967408462211163	0.0287828074284804	-0.006650757033042642	-0.030792727902709767	-0.038328401766249694	-0.06600119875053066	0.006702330321946898	0.08911154476161404	-0.054854856357242805	-0.08285752711626669	-0.06469293759474022	0.008921061897602613	-0.02591641912566163	0.03316398790749473	0.027575061048360286	-0.02722836726627307	0.001340345131776028	-0.019462436788969223	-0.016074068973499035	0.026412878514345477	-0.04469023279847623	0.00017902106677269636	-0.014628465832438174	0.039032966731646634	0.008101833927548003	0.017118664911500603	0.020700008680525704	-0.020570041869797	0.006216669018105355	0.0019477362387406458	0.007024851597752185	0.003809210896134673	0.0023588004809032693	-0.022103814411230868	-0.0040088618971142196	-0.007275726183136329	-0.007379855685873634	0.009432186628591412	0.011960008082537905	-0.0027000868901038873	-0.007044846654151473	1.4543200705883018e-05	-0.0011098107825391228	0.0014918249184712505	0.0	0.0	0.0	0.0	0.0	0.0	0.0	0.0	0.0
SRR6113272	-0.14042559571424196	-0.09380618397226324	-0.01842552228927844	-0.0180790333881341	-0.03062560075824564	-0.05593941487414217	0.04465776776482626	0.08956130017995187	0.04535836745535411	0.02643255434976743	0.09254869177237629	-0.03229517854784721	0.006926119076677032	0.01128152185627574	0.02479246354763199	-0.0925713825201599	0.03750105315058376	0.0328331294598078	0.00045420648805097796	0.03000740691479213	0.02442755135064147	-0.028236594183201166	0.029816485785583588	0.04860233901782499	0.029522227240759404	0.021058174279807784	0.01907030214879403	-0.018599361198470176	0.015615166228871017	0.005779327674488886	0.009329289900237762	0.0023430854606764327	0.01197589832314262	0.011649829525389037	-0.018816883868615155	-0.004406653690408418	0.03350138198560412	0.0011938513007758314	0.011098328424938794	0.0004188081145864439	-0.014570763666416381	0.026871662694051984	0.0069544167527743166	0.02092386569079731	-0.004282114294700558	-0.012486598472138365	-0.01997909072026463	-0.014430316201609752	-0.012285308648669595	-0.0030791203918272263	-0.007430242411668053	-0.02228599915166689	-0.03949437801436131	0.008137416790830198	0.018766718103248883	0.0017591873475057984	0.01132021197152826	-0.002182636266274419	-0.02562633091369155	0.002429015124807753	-0.009239570743275114	-0.006891998634241634	0.0	0.0	0.0	0.0	0.0	0.0	0.0	0.0	0.0
SRR6113273	-0.15502427902189317	-0.09008348223311943	-0.010709507480323444	-0.022541971580355022	-0.0021650880999938165	-0.023868768607913815	0.08246024794045329	0.07776737721506113	0.054261805099408957	0.058923393474724965	0.14324829640209213	-0.0379865675305388	-0.04601998889132944	0.031476523152752456	0.04085395937181539	-0.08558913057789325	0.04758108065779852	0.019573231383373187	-0.055891272317378476	-0.031782583006706236	0.003971517457729834	-0.016294272356122585	0.004797950253848963	0.04401652808324571	0.033952762981884016	-0.001941903604434485	0.006443267404206575	-0.029153854694229913	0.0059261527332701135	-0.0034952270869704244	-0.04951973307686315	-0.008828183977957515	-0.007199076964035087	0.009152882396281604	0.00588123122017658	0.007765139737652975	0.028355966337549443	0.0019322297835459475	0.010722244641918144	0.01378726965909899	-0.01757323334189888	-0.002166301138554518	0.04532340568678467	0.0007192877031943246	0.029506837157952454	-0.007858200489852946	-0.0021975259206928107	-0.00011681599678823715	0.013823496441088294	0.01926115065682836	0.0030670835486051756	-0.004232704583507006	0.026901017002194622	0.003263359819223783	-0.030050540391479925	0.005150398234854013	-0.010213665977700754	-0.0020275814146745023	0.011301336778623997	-0.005654753750328333	-0.0011508013874074574	0.0042012296079298106	0.0	0.0	0.0	0.0	0.0	0.0	0.0	0.0	0.0
SRR6113274	0.2409332118979473	-0.029026698249786025	-0.10078173704367709	-0.016419261184082202	-0.04856202118475761	0.06500214494046251	-0.03984128040665615	-0.08023205367556893	0.03022275267335626	0.02843911113458097	0.09072283916148699	0.008578531329583413	-0.009967898149011327	-0.003229512396531929	-0.0039700268387175015	0.03078357499885731	0.05230570729950132	0.020431736864193327	-0.0184344538665315	0.006398817641485393	0.018959492226492052	-0.023750261280402887	-0.0938703567355729	-0.008417425044639023	-0.006451987999868002	-0.00949173865745972	0.022180043498984017	0.05465027805765983	-0.03788142064435334	-0.03377730554069571	-0.08935312888071044	-0.005436025383365724	-0.04568728096064182	0.033990929055199876	-0.024530003925300373	-0.058172012098413994	-0.02910015877554492	0.009973968202809352	-0.03959421194219469	0.016159482418551422	-0.009071873934639497	0.013509147748839788	-0.02823198831842952	0.02898484909347185	0.005276372284415053	0.00802484187502232	-0.0018375468801117034	0.012733231458264264	-0.0022652808449124453	-0.008884269855601978	-0.026335081181600033	0.008757615246740298	0.0004213050860263722	-0.011180557875059114	0.001909066305849893	-0.016552420960614034	-0.011422954512388674	0.007231187139410577	0.005900630652871452	-0.003228404794729119	-0.00768932688832741	-0.0024659383065564395	0.0	0.0	0.0	0.0	0.0	0.0	0.0	0.0	0.0
SRR6113275	0.04245214241870352	-0.0632267478020484	0.04910774069546465	0.04121171710111558	-0.03803816239227408	-0.08148234459945235	-0.0676876233668667	-0.006870378686862348	0.018340882721649496	0.10007971582877001	0.003946349881041739	0.043926986753420785	-0.03162465859270236	-0.028062639251878643	0.005249197820725317	-0.023591737213071794	-0.04671095634572014	0.02201024333622622	0.08088377384887914	-0.009159522388194495	0.041888548622359495	0.03557755707498391	-0.014809532062271365	-0.041254463179573604	-0.008338771423019352	0.07641648719133011	0.04181601146816353	0.011096167500622051	0.08225503488816187	0.020726538910642845	-0.007731266051991316	0.021678077330257197	-0.0044782419024976955	0.0019842072420141305	-0.03684501126713647	-0.008803177385091199	-0.01602116537442919	0.00794309114926776	0.03449815211566637	-0.02469594814796223	-0.004094903573237387	0.004005830642570516	0.011849190226055056	-0.022813511116087728	0.0022733139848850684	0.011901723498937146	-0.011791587312022721	0.0168608298013331	-0.03842362650924073	0.0017781793083326807	-0.00910878993482518	-0.0011377161922732433	0.021922282444186234	-0.004279888894418735	-0.01761847980235229	0.010386549284427641	-0.02008953818377883	-0.0029554168365874415	0.003463829677361371	0.015306474894934323	0.0013834884187749225	-0.0014685136083106914	0.0	0.0	0.0	0.0	0.0	0.0	0.0	0.0	0.0
SRR6113276	-0.05884049179336842	-0.074370850633769	0.06361401647618335	0.04763797982744716	0.02699536071150762	0.014334441966428137	0.12910414242277396	0.07876249591254189	0.01355557513513788	0.01808891454264697	-0.10634202348525551	-0.03884449540582639	-2.7611428555107383e-05	-0.0032734862643234047	0.07557356520237885	0.0337671039402328	-0.005780877661673866	-0.025637971945622305	0.020433533534592638	-0.04306916466956596	-0.025494042930741673	-0.04559752971268051	0.0025597467290138704	-0.06378031150038188	0.03539945295761174	-0.018932653572682406	-0.01589083309955836	-0.0005977546071130502	-0.013117743539932458	-0.07260316262814252	-0.026081858010118905	0.005717815859050562	0.020904565367438854	0.02932651360012719	-0.052218663343783375	0.019610028858486457	0.03687318044002516	-0.02857561841272459	-0.025233115587791594	-0.0073793949997300904	0.0006257239931484766	-0.0312614287008768	-0.02645198150349252	0.027642831154761516	-0.0019740992933769703	0.002254134521962159	-0.046067637068148544	-0.016252608262749	-0.009111637848454432	0.009482457377184492	0.01347914158941938	0.0177851935685673	0.005240981909594325	0.011902746988683852	-0.0030695758234587592	-0.010779098288082344	-0.003943978510358162	-0.0012483979657194658	0.007494633111482063	-0.0011066831199824957	0.0051765738562555095	-0.0006081112592949997	0.0	0.0	0.0	0.0	0.0	0.0	0.0	0.0	0.0
SRR6113277	0.20674694049185283	-0.020849136960246914	-0.09883604996256026	-0.07479284936688257	-0.061207938643232165	-0.07883975092005072	0.02673713783686709	-0.07523206760817314	-0.009998350757305407	0.02789555708036558	-0.002391450982834682	0.02435694976442112	0.05015492496063891	-0.021301496276756312	0.013622546413150607	0.11069823527846635	0.005842778756108204	0.033731610620135605	-0.016316405813968916	-0.05641429900145799	-0.0581243938486491	0.0502426027762428	-0.021512347963703948	0.01664710231583658	-0.028538407815588095	0.03419302135203683	-0.026226268334612307	-0.1044839821772501	-0.024143618445721462	-0.012007695757088583	0.017122754101876185	-0.03737814289041007	0.009061258299284435	0.06047245455778308	-0.021241858237521994	-0.006512252311865141	0.04773118794703266	0.0034358509217347925	0.05043848213162744	-0.0254098179494393	0.024480536252566	0.020403504384949405	0.028244677068471027	0.010567455569169529	-0.01240320444526838	-0.00918297644377358	0.00407479582410944	0.004819204228569648	-0.024334285347570615	-0.01786182200316134	-0.005609686865911965	-0.005531163647527149	0.0026523400020334116	0.016115835104656345	0.011011723441692966	-0.01039734257435438	-0.0038500218446079677	0.009381066047822163	0.003297234632220176	0.00033939552720133016	-6.481072259813255e-05	0.0027927627138379443	0.0	0.0	0.0	0.0	0.0	0.0	0.0	0.0	0.0
SRR6113278	-0.1382548893657087	-0.10317457015518769	-0.04284558484460563	0.0542446037521087	-0.031800957700789535	-0.024537282462479913	-0.13074062013175386	-0.046885035605300114	0.023821940554610586	-0.03562939368528485	-0.03938087616336413	-0.017585599823577398	-0.023603457220421183	0.019946723795382208	0.05665350007894819	0.032095649340995416	0.07128009945814699	-0.0129826529079681	-0.014193881133639622	-0.020026088450823532	-0.012532442472774229	-0.018566661744043002	-0.02712823326414176	-0.01637392675498116	0.0001244950963282803	4.9052768998230005e-06	0.05113060385791653	-0.016014379155393582	0.030256207029761974	-0.008824998672081696	0.021580997084611944	0.03908862268164493	0.016542969139649786	0.032531157134821354	0.05698746825952859	0.03916647678410669	0.015735660197392535	-0.00375085736791635	-0.0018883534028620763	0.03126188942025937	-0.01552581612072101	-0.03929427374891575	0.02807705693017292	0.010583735006997533	0.028349708815898694	0.03898055446075282	0.020806909034879473	0.01331160960192591	-0.002199851523434111	-0.009796720609439633	0.03459307511389058	-0.0007502365024736863	0.028830783685546566	-0.00834976257128366	0.006856454529906419	-0.018340555401985405	0.014374039191195235	0.001975793896524262	-0.013234878652399843	0.0030421688814995566	-0.004092668652720822	-1.246010468868986e-05	0.0	0.0	0.0	0.0	0.0	0.0	0.0	0.0	0.0
SRR6113279	-0.05708255128700869	-0.06698002927487205	-0.00402384340239342	-0.007391214140103539	-0.07468896787857714	-0.06115171807924681	-0.13425883208514347	-0.030350341308149856	0.006457823191610368	-0.019774231735480027	-0.021141683650739315	-0.009062288069176853	-0.019560415838848683	0.04527619839896467	0.04629293487139886	0.016670071842697576	0.08730054890960665	-0.005983504025757211	-0.0260016338036169	-0.034828949749607735	-0.020291299116510057	-0.02745931368196195	-0.02484840827823714	-0.05240403637155074	-0.01660785335032548	-0.007018948100556996	-0.01953542399396653	0.0477456101494062	-0.002577242426198891	0.007154063898877517	0.0228215723291024	-0.034310925968944875	0.010624280279642555	-0.013402911206733339	0.0238658369941622	-0.01897552388933111	0.03143482733327015	0.04237500063296701	0.02537333297164104	0.015524025368316943	0.013040365953453398	0.002595827479248826	0.0026466060021762814	-0.0005989746118185353	-0.02928176379814798	-0.022338788643723927	-0.021397586950336833	0.020626030411120076	-0.005497596023629809	0.025506088477075837	-0.01733218618257459	-0.0007719884882706308	-0.014521094166125582	-0.016525607517852765	-0.009248295794879902	0.016163584187873767	-0.0009816361236576132	0.0011633822551004513	-0.010011062620833955	-0.014916880214597552	0.011841034709136986	-0.007179394813767872	0.0	0.0	0.0	0.0	0.0	0.0	0.0	0.0	0.0
SRR6113280	-0.10661738450853792	-0.08788365924925536	-0.01596211747068528	0.018394951043854288	-0.022243227790468285	0.009889412260672477	-0.1195178557942175	-0.0616812765105076	0.03024943544096382	-0.051465481966006095	-0.03692515324516298	-0.010591759967226985	-0.02718386720376801	0.05334503217045062	0.09129091549494303	-0.0017821621696844613	0.08693526563421874	-0.0311361205659307	-0.020302835747827885	0.034858225136015476	-0.04584979066111163	-0.016057483745939703	0.017537361750226403	-0.03584610071999023	-0.007931289851091327	-0.002465804295473302	0.03879170521301406	0.03546887294273921	0.025349234010467268	-0.02077672852707369	-0.01740099568309282	0.005140675979757212	0.008043585910797305	-0.004213527505356739	0.03665757754803744	-0.006266803157522173	-0.026179888561478373	-0.014707482550333268	0.02173636658170553	-0.04388557970900793	0.018590852062588162	0.005189721384107726	0.0016151621165218836	-0.00015902986640977963	-0.0016514315052311207	-0.018068100491399567	-0.017112398618769013	-0.041296551313023955	0.007427876727190891	-0.0010016572333838279	-0.011820439388622104	-0.015353653215174966	-0.011033773621985115	0.021589448617661267	0.0063636722804467655	0.015679145302331707	-0.008915957275194062	0.004790694318522616	0.015376824930424082	0.00595491764648479	-0.006140656800039722	0.009141875261738031	0.0	0.0	0.0	0.0	0.0	0.0	0.0	0.0	0.0
SRR6113281	0.14787513320045867	-0.013648391030568936	0.04285849195606061	0.09472165834783414	-0.010116340242289851	0.010974562995071888	0.030133004237369594	-0.04150250351807581	-0.05863541342258738	0.030019610804680814	-0.043311215171520895	0.0641799840548167	0.0391569486247299	-0.05108642120535737	-0.03494201770505122	-0.13389151594015414	-0.016992327721370264	0.04724071949951424	0.029091738866891117	-0.0022341756781622604	-0.09256124533653105	-0.026943678504020442	-0.036345946892359364	-0.044604580564409656	0.11822616561452728	0.011461406461620529	0.06758513671195224	0.01622667578897118	-0.06060283676454982	-0.023711698478282483	0.06061041898035891	0.02106134533552733	-0.017092721442665444	0.0018128590072099768	0.02092516937090803	-0.015772202402919173	0.030220360302112947	-0.012294791029838393	-0.01780411523599657	-0.014295368371989149	0.012572504377826758	0.0005789580675069364	0.026528782043810813	-0.026275713548787848	-0.0008361635338264584	-0.0005747932992002378	0.004940749621107538	0.018062490683121633	0.012606952041462834	0.0013246825518288439	-0.02484431441842188	-0.0018621705440388346	0.0028615719451360365	0.0028326895018143177	-0.002931217796024795	-0.0024441520812657747	0.0030417052945346376	0.006699906429633534	0.001397153556713638	-0.004736435132493927	-0.0002702774688618009	0.0008659195889915652	0.0	0.0	0.0	0.0	0.0	0.0	0.0	0.0	0.0
SRR6113282	-0.18550060122484996	-0.07047245699729125	-0.12305595238045715	-0.06291631842327751	0.012552693379235197	0.04435157081837354	0.013201677990427626	-0.058712831513129206	-0.0353990199584447	0.05129162347445782	-0.060423411775511304	-0.0188184916864585	0.08963181580045966	-0.003085407945870805	-0.008570020284264089	-0.06078425764068818	-0.006857377834636516	-0.008917848568108377	-0.07200263460687817	0.09906994821474795	0.047615269563164836	-0.012263733387271778	0.032908890106455535	-0.041888206941137845	-0.004311671369998637	0.013068115407055825	0.001887018866415886	-0.011902174640732986	-0.00013514244809966034	-0.0006155813611041109	-0.015569002362315097	-0.015905558690019517	-0.011613290054371086	0.0007427004261910727	0.0041453382857669216	0.037476045423361526	-0.002798897268781686	0.03208617617776513	-0.015651611053921585	-0.00878211021697995	-0.020973735554845614	0.04709672529994686	-0.008937425212272154	0.017578126917211813	-0.05247053861415359	0.018672290858861317	0.006782226585998817	0.022188400822301682	-0.008993420991461646	0.033852023801535985	0.014792532637905599	0.012306972091126264	0.023613995640613172	0.014576849311294514	0.000604199714451722	0.010874915038213669	0.011691210975804929	0.015153168200458105	0.005048449183955755	0.012263976448693075	-0.0003805592645530169	-0.000970819078121032	0.0	0.0	0.0	0.0	0.0	0.0	0.0	0.0	0.0
SRR6113283	-0.10671305262114761	-0.0631018646536853	-0.06574795349733208	-0.0672266212099226	-0.0528153371492907	-0.02749713356379713	-0.03693621111511204	-0.02436396343330236	-0.01874335412839541	0.09998449674129753	-0.043375951704808575	0.006125882694800676	0.09181617072824097	-0.046026412630116385	0.08367054404902986	-0.03225741800741669	-0.011805704048828003	-0.005730784325984338	-0.003804695277900706	-0.02398504071145012	0.0037148826933400087	0.05426467082564677	0.0013530614117517378	0.000668299323918147	-0.013958146730050188	0.008045324915529313	-0.03609198077049498	0.017560140951559763	-0.004151715243959985	0.01818693495163123	0.03986212171494561	0.003906087923593601	-0.042723689126166316	0.0002730607997817049	-0.022772533230829697	-0.04208673570801768	0.013865588431616362	0.016152822750027298	-0.029976052483054825	0.03607308136419202	-0.0007161373706478549	-0.03752867814484803	-0.027684312372262015	-0.03460979831474904	0.06041221167768763	0.0034877827435205256	0.0064159942108276986	-0.029573317114784604	0.00743051051136738	0.012957386641101836	0.013209751604014079	-0.010168108698114521	-0.007326550599777731	0.009372064640467697	0.019776187996748403	0.01573992153931671	-0.006704957276900738	-0.005036841655514585	0.008536843093436422	0.006758112367922376	-0.0034626028419913264	-0.004381118349822379	0.0	0.0	0.0	0.0	0.0	0.0	0.0	0.0	0.0
SRR6113284	-0.2755301911816525	0.14722609206115586	-0.1854572311587123	-0.03276750629692329	0.001965181809751575	0.022887920584910355	-0.000360099815891033	-0.06321159431763104	-0.03308638287152754	0.12077469572054793	-0.06715566528160474	-0.059142671951251426	0.12340352499554291	0.015592571146337454	0.045540153971977665	-0.020954383662560083	-0.036401096796333125	-0.014879867280115932	-0.07198414042091217	0.031297716983824185	0.044644519655959565	0.002343164449608528	0.005732882965062798	-0.018357541399147633	0.00986830322854979	0.03696900724835921	-0.022591534587837542	-0.020373024797500184	-0.00022288912228928958	-0.000618193245762354	-0.012888848579370886	0.02049980297119257	0.0063503594267045405	-0.018640046974357977	0.0014547066002762955	0.028220318549532306	-0.011325292918305653	-0.010399162643113661	0.022868971413199504	0.0022116836070836944	0.022247353953943783	-0.02085386533419036	0.0045916332120274315	0.01238630490827546	0.010354733777090895	-0.013315960816781394	0.0012245791729397217	-0.0006094098905621778	0.017145132620845067	-0.024596751391406983	-0.0269978572907851	0.002881221733463009	-0.008337440023467937	-0.020008730129094175	-0.013792787737796656	-0.01704380023860124	-0.009224460929697876	-0.011108507734011315	-0.00850814731164011	-0.016188815432022483	-0.00079775339310049	0.00268278252516069	0.0	0.0	0.0	0.0	0.0	0.0	0.0	0.0	0.0
SRR6113285	-0.08234284398169238	-0.07259070438733946	0.03094468376989082	-0.14143532289313765	0.013079809399245374	0.04359660100195491	-0.0122925134991026	-0.06607625354016156	0.005803607479223617	0.10409099737655335	0.024334048605914704	0.04883825682619044	-0.07103311926034407	0.016340176639338996	-0.0331741423105948	0.03023306678111853	-0.0521270365899117	-0.011689745474981568	0.01574069625432951	-0.0033644725872202658	-0.0289288218144737	-0.06204638819136467	0.016860106431569034	0.030914807168299245	0.00023688560118110806	-0.014963615280470619	-0.07237348264268398	0.04562076062006006	0.002615432842179797	0.015187595516577517	0.009050983701337867	-0.0031180189257741056	0.027962964866882954	-0.010965185637743537	0.014612254531684367	-0.017289848734280158	0.02180232207792635	-0.0022330279789144632	0.0035134915344370234	0.005321767831629828	0.040543423919688765	-0.0170570792783577	0.007802613055266032	-0.014571613004617666	-0.03917896916212079	-0.021672035702090163	0.007552751827511879	-0.0022748191954605756	0.037618546114430905	-0.013096654933737722	0.017222696804649502	0.0036566528246045338	0.01503141955504179	0.026154170068933055	-0.008168315690090522	0.006315231455119505	-0.0068995589900731754	0.006448520640661097	0.0012017664962681548	0.00045255689425714854	-0.005599725816265367	-0.0035128348491106284	0.0	0.0	0.0	0.0	0.0	0.0	0.0	0.0	0.0
SRR6113286	-0.1217837737436814	-0.09857479285456075	0.03491790012084568	-0.040642631169360545	0.06749409526702986	0.05259086605565486	0.02526933813912022	-0.0639488660742484	0.05894482520208463	0.08222777374938632	0.002065274025878639	0.06632117945749894	-0.05485716212953592	0.029394475915972836	0.0018267006019974167	0.04571635282285717	-0.059575104225410534	0.009929248907414848	-0.040725785505675835	-0.03316792871177895	-0.013846182394856073	-0.0735690733667358	0.02427789201911226	0.008183330979465083	0.041216490598137076	-0.05944614615828563	-0.017311557281582513	-0.006438619227063382	0.05425282614372095	-0.022243690723827175	0.017115901713159676	0.04528409516806168	-0.02518343480804815	-0.030915538416086023	0.0007724753282524417	-0.03916145613296676	0.020442563294865056	0.03239037808463067	-0.013377560814516513	-0.023192139911686553	-0.025482908807229334	-0.01666927838313562	0.0007935152577498029	0.02489182388604328	-0.003582854456468017	0.013546696836060204	0.0377870001855918	0.0058805578717724665	-0.043691334400153374	-0.0015327051016003348	-0.0011352367893467984	0.011276378188151281	-0.015359631002584655	0.00020478191902599885	0.00929673405355709	0.0030336132620342898	0.0029963589842899093	-0.003260440222738542	-0.003636502824596174	-0.006713343526521477	-0.00297718778062886	0.0031724098982669454	0.0	0.0	0.0	0.0	0.0	0.0	0.0	0.0	0.0
SRR6113287	0.1812723517143131	-0.017773372541806397	0.04269080019667515	0.05982685008340132	-0.0005257951785587862	-0.09699599328608254	-0.056900401415157266	0.019251585933033756	-0.07862908285280945	0.03191279695515394	0.0267131169510948	-0.02691894023748556	0.01951952969035241	-0.05448632051864605	-0.05374489247181243	-0.005177021650742608	0.02369480932056762	0.010865384132106044	-0.034444288777995664	-0.03536646629134605	-0.04488188974496841	0.013514235875644952	-0.00824117225271746	-0.019742533131543415	-0.02977958747632813	-0.034977227778864736	-0.031175783823174253	0.05151516646700045	0.06432147943824475	-0.001449654637671079	-0.01302298902953825	0.04455743264361994	0.024070478126883076	0.014525408910353855	-0.026435655480930503	0.05591479347839195	0.04768065986351056	0.01691468075991222	-0.015543110811357806	0.012146213053656494	-0.004268387804227266	0.039810643250643735	-0.019947348751091762	0.02512531900627935	0.026487780842980767	-0.02484012460103487	0.015397922003785007	0.02191018644674143	0.021259573626511093	-0.013742728038741747	0.014016782797225203	0.0018979906583832405	-0.011300657840659688	0.006913719035819275	-0.016826722291157975	-0.004120615262820927	-0.0006346244046270927	-0.001940796592492556	0.0068459560573985775	0.008020020734249636	0.0008534119882945354	-0.0033625092838593437	0.0	0.0	0.0	0.0	0.0	0.0	0.0	0.0	0.0
SRR6113288	-0.17717046920492927	-0.07247323981460406	-0.0820269930605466	-0.10709500693409392	0.027878659643812715	0.007144282422942635	0.004735905262429684	-0.05968870173149711	-0.10860750038945703	0.051702186504723587	-0.017610236772994867	-0.0017904897935259684	-0.06628955953524668	0.012043429918538118	-0.05688678740647955	0.056424794549861906	-0.0767004161740879	0.017100774981074412	-0.019826833120637703	0.035439298050873154	-0.05559565389451631	-0.024219593746494912	-0.006858398915124176	0.05061370745534543	0.046803387401889836	-0.013671054357885822	-0.006178022308759238	0.03963139256011683	0.02725918495632924	0.04188384017514009	-0.008983350943663765	-0.013439088696270663	0.046149034172709914	0.07439734609728614	0.01930187986002699	0.011317348343105995	-0.032275534169403715	-0.03095621367509611	-0.011754125313190762	-0.008615675545333691	-0.0233412038014497	0.013507184624275161	-0.0038389601861812126	-0.010272260505240856	0.02849081929734844	0.019444118502990156	-0.046169933756251606	-0.010323335559385692	-0.006610516460115555	0.0021683160834419053	-0.010870199732840372	-0.02452181568361002	-0.0027034799078524967	-0.024275286352628295	-0.0007629316052756557	0.0020677146547568924	0.00718142466415647	0.0003236065543163524	-0.0037577249272571682	0.005171468751782228	0.006889638339011826	4.0554480378875043e-05	0.0	0.0	0.0	0.0	0.0	0.0	0.0	0.0	0.0
SRR6113289	-0.03600277377345179	0.262584929025162	0.09789872942177703	-0.08720613075054601	0.12210504554122042	-0.09384364906453012	-0.0428531318917131	0.005157434725323961	0.044791131364043536	0.01235213721837774	0.0566664994907271	-0.03230611317794951	0.08411448838425842	0.006281268667002733	-0.01117907100940737	0.0262742215526883	-1.5768634297621733e-05	0.05762361558349707	0.019840293135289695	0.04107936829636569	-0.0712157760921343	-0.013037269659848532	-0.020674371939340117	-0.0003846606004567	0.0028738355532037293	-0.02978663868864897	0.029638255621640155	-0.014910765627561292	0.009192716579759362	-0.0037132299258886363	0.03733740366457564	0.02342122353992892	-0.019478190185936387	-0.019898920845291646	-0.008651049723098792	0.049127570905832585	-0.03630803082034236	-0.02504180490700853	0.0028461282483978416	0.020234294245482107	-0.02462868083226156	-0.013655383897046005	-0.005846384633309081	0.01945325216650439	-0.0006421825944354745	-0.014395410886981059	0.001024438475641598	-0.006814326174942726	-0.01607733828999734	-0.0021971504897713707	-0.006359916113152229	0.0016578978134385051	-0.017593465728393244	0.001553582823798347	-0.0067701798070850085	0.009829835718803226	-0.0029590353677240075	0.027384313014548703	0.007337505616445966	-0.005361877876363859	0.0017509099470212103	0.0011997511157731072	0.0	0.0	0.0	0.0	0.0	0.0	0.0	0.0	0.0
SRR6113290	0.041998301176400674	-0.009776176892184931	0.11069511531447483	-0.08895529010370443	0.12214154787149112	-0.08943597744591426	-0.0017380749707480532	0.024624283467677675	-0.005687201225776153	0.022715675503086098	0.05658545384597325	-0.03175803421692894	0.02253248333191375	0.014854927126530956	0.0013631817515438003	-0.0057914325934489445	0.010055467776381511	0.05057907111778931	0.0371904101458993	0.04883720275840184	-0.03786477387404886	-0.0005815610710482866	0.016193050544265175	-0.06337754578831786	-0.047145836845339704	-0.008689169612555187	-0.00031493164499487843	0.012192878614521847	-0.018493549110037807	-0.0402122425113626	-0.02892842406964365	-0.03174772145734217	0.009263053427372074	0.002183486308224369	0.0026913473173922416	0.026786504948770155	-0.013037889512897348	-0.0003131002373351046	-0.016624203823226893	0.023410508678917533	0.008000769681776182	-0.025858679667951228	-0.021426750987163984	-0.034034066106973966	-0.015030391726298829	0.0195709122264399	-0.013269397486290366	0.010354750579363935	-0.00758984091105927	-0.02049115649510937	0.005441932674826423	-0.0026168961854311484	0.022947115330656534	0.004923583734314802	0.013072385572276518	0.011210401903608194	-0.009337826846513976	-0.00916830232463772	-0.013085448064472599	-0.008944680120173437	-0.0008858231154496533	-0.0016231998663741789	0.0	0.0	0.0	0.0	0.0	0.0	0.0	0.0	0.0
SRR6113291	-0.18730645034611446	0.23713155840865374	0.06162690112972012	-0.14814764175267986	-0.08671783892347967	0.07464309612087776	-0.033353500021346315	0.05425393776908758	-0.009604674238360677	-0.006206725563631119	-0.030054147855036444	-0.009830316156695463	-0.08380857981733318	-0.06565174328659587	0.008460996119763996	-0.045685390724926785	-0.00756551576585681	-0.01104804686665491	0.009465738391858327	-0.02564324434436357	0.02005762568650998	0.007746676250341376	-0.001390530794213084	0.008520761814144639	-0.023406075301527367	0.018344443771121748	-0.018085547285859045	-0.020312784134578838	0.008394683829430939	-0.06319438694387115	0.01141456149783965	-0.0025920839696398448	-0.001012961141915155	-0.008975403000507979	0.015053935742716512	-0.020878439104580638	-0.015516722973164204	-0.0004836964591981004	0.030502493008364162	0.02507399302688078	-0.009572216470151999	-0.011882369765831426	-0.011962520285308283	-0.008463752192270847	0.001475921596293202	0.03643518674837182	0.0006338427596480811	0.01614225200309708	-0.012359838617706348	-0.00699849707019806	-0.02032192518539934	0.009731413362525468	-0.00490053903016311	0.012451555254019718	-0.01635283037103553	0.004973205759816214	0.002903856373916831	-0.0056680117201687395	-0.0015584191736824518	-0.005307095931804792	0.0033167530888536688	0.0015030169666218425	0.0	0.0	0.0	0.0	0.0	0.0	0.0	0.0	0.0
SRR6113292	0.04644851349580026	-0.03415179471885917	0.13109310914663586	-0.10477329724538283	0.11070397510475682	-0.07412319174281176	-0.024947449721703454	-0.015181440987594972	0.017528699171758973	0.04599538599195923	0.05715595134016314	-0.010639778723225845	-0.0009213231820453734	0.03953211167815203	0.009430673308466132	0.0126293563600977	-0.008996164599777338	0.02651570558266383	0.022604387729559652	0.05540351746731606	-0.021988467813456338	0.01370593853003693	-0.035914260415939314	-0.010532023917280415	-0.01832687022098122	-0.0020750068702548165	-0.015134793584385804	0.0067483305242263675	-0.04915095403511676	0.002224782092445102	-0.012560383447390239	-0.039983576907763836	0.0014440753891815945	-0.03048065216590046	0.005314168553825874	0.008469271827538411	-0.014578421389008177	-0.0047394883550431486	0.025164944845579473	0.007949741237978316	0.025110373570576543	-0.020652872724304227	0.026105292322830362	0.010348119362307038	0.010334010316394675	0.02657027986524462	0.019945235482790313	0.007623960644127716	0.008267600759241487	0.02931556749913479	-0.007208260008472888	-0.007113617176222011	-0.013826201081236998	0.00770629204685187	0.0027420395897326554	-0.025094597684124278	0.014762216197194984	-0.018374549349524347	0.004845971462133306	0.01459607633638506	-0.002144271592545768	0.001094545998561372	0.0	0.0	0.0	0.0	0.0	0.0	0.0	0.0	0.0
SRR6113293	-0.2741312008285068	0.1270887090088852	-0.15669977415279474	0.11832295583086885	0.1424067439016152	-0.0375095109276919	-0.050637324339627074	0.03978031085212878	0.048522969477394505	-0.020244627968039153	-0.005492405607266071	0.025786622125543373	-0.007223050076928102	-0.05571348271689005	-0.07288158610436808	0.005080899825521365	0.0403290588524695	0.0396112434641332	0.01345813548214274	-0.011238525975745943	0.015268099164413448	0.011358749840144454	0.0016083546169047625	-0.016005807570883938	0.004724818644115423	0.045058051684873285	-0.05126493133118261	0.027418690181759037	-0.03505670100724575	0.015535165946585475	0.015093193978268594	-0.0005396164712733532	-0.00972300606773008	0.025450925727579673	-0.0080061683612919	-0.03656950662872534	0.005357119381087421	0.004647204495481051	-1.3865682669310193e-05	-0.0040759086940592585	-0.015923196728428804	-0.03967457972053588	0.0069284041307050475	0.011717500800979172	-0.03369823892484066	0.004324621908950305	-0.0032782349149858467	0.011121977257360152	1.0732184672683915e-05	-0.005913621931124606	0.04399629728297272	-0.016187679777972967	-0.03124067440634488	-0.022455176746433807	-0.014429992761754145	0.005938469393236222	-0.004335955349269281	-0.0006135506033066876	0.009040286860445883	-0.0009848669568651503	-0.002418123161174441	0.004988007881304125	0.0	0.0	0.0	0.0	0.0	0.0	0.0	0.0	0.0
SRR6113294	0.3191910912258879	-0.018833436319654288	-0.0661484781517638	0.00856207802129118	0.040926777949527066	0.04864417144575719	0.008380840587904417	-0.01937346356075633	0.0004922805814557184	0.025536180277699997	0.01623139404788487	-0.0014111249500904158	-0.025635284915723144	0.019870518181908364	0.022245532850737534	0.01378419238948534	-0.0045695709066114355	-0.10833056304423476	0.015437053013953784	-0.0013626771292190648	-0.05034893198284596	-0.011052633337178912	0.07860579113796978	-0.01567869833066091	0.0025757126676649008	0.02577207778826157	0.01344366223899474	0.041363446242536066	-0.036959309646484945	-0.022263692905463612	0.012038043591950005	-0.018142937531559437	-0.040940992410829824	0.012738689831470494	-0.04027745951820912	0.001508621612108368	0.017761093971429692	-0.04967378363604512	0.08050773242908858	0.025415900909461574	-0.06264453777368961	0.03023308556796941	-0.011527975148923775	0.005131230893026661	0.003291477387262023	0.024588844621986957	0.02895652620440546	-0.00299538333786642	0.022552957646918625	0.0029681958623409754	0.005403303794952341	0.004040366968626537	-0.004409005348540865	-0.013058858190055558	0.007926582009707287	0.013513444043166128	-0.0035613966236868497	0.001011246076431896	-0.007740161727369832	-9.138967299958462e-05	0.004442774232617502	-0.00028934288634052603	0.0	0.0	0.0	0.0	0.0	0.0	0.0	0.0	0.0
SRR6113295	-0.11491259084091175	-0.0945333172175999	0.007885776525130036	-0.046541092546780335	0.012140350539379847	-0.043878733435085325	-0.07949120159746942	0.07737805744580137	-0.027448431022060252	0.017759819659454903	0.03645122289419896	0.0009518046204365482	-0.006190390671856113	0.04233465927863044	-0.021881667973245998	0.05291523159993394	-0.025605317515673333	-0.054107118001488215	-0.03732959088297019	-0.05084079892294166	0.01852207462249971	0.00965410447182084	0.014734107649839007	0.012308127987225942	-0.06001986591808866	-0.016703733944174973	0.04374671122947091	-0.03547747170844068	-0.07156218510059972	0.025834206395705932	0.004460000175651888	0.09346539472232157	-0.07913522833916269	0.03379373591896468	0.009992026989180685	0.021829230951258174	0.017365906680410433	-0.02174256283275361	-0.04823168954225913	-0.000989872950122166	0.0014300696573089715	0.025530396364492332	0.016928691208707165	-0.048240957704594224	-0.03831361298432594	0.007755648618294878	-0.018404979128178397	-0.005764046486377159	-0.0028482491017444117	0.0029999344574416415	-0.008360105863918853	0.006543692227532196	-0.008568450350239593	4.438449740989261e-05	-0.00019838160255647663	0.00198038226820419	0.0022622475530709816	-0.010593288940820716	0.006038878150228303	-0.003536754074154292	-0.0003798407933579683	0.0003109797179629788	0.0	0.0	0.0	0.0	0.0	0.0	0.0	0.0	0.0
SRR6113296	-0.022920841730396917	-0.10124796369037038	0.10844221742063964	0.1111571493642199	0.051684967496154914	0.19750598989533147	-0.08291141586254065	-0.04038041041508005	-0.005000290895454298	-0.010483202755132216	0.037228369299795	-0.020799332441954397	0.016778011247034926	0.033553083140677134	0.00554798018404177	-0.010011286893130553	-0.03375833404579089	0.017996758131223825	0.023059744854704592	-0.011022911734598479	0.01850825303344163	0.015994382582765764	-0.0012826543670375905	0.014623042344170953	-0.0015349720654700767	0.02007034408930907	-0.009129417770523243	-0.01849606116260157	-0.0031156643773723497	-0.014601379369538276	-0.006919327937174796	-0.01705957008474811	0.016594974629166346	0.01697222458645906	-0.002895208800365119	0.0518285433550046	-0.011347069687184139	-0.00519628498788007	-0.006468104015419644	-0.0018628504373074044	0.02587325095608783	0.012669677409241763	0.021177002085591538	0.0034704404403673576	0.013526503658278522	-0.00804398783163075	0.035220672292248824	-0.03565876240123718	-0.023648056801492692	-0.021229822200522448	-0.003338122406311072	0.012648411066237462	-0.002792794358519094	-0.011452870579042934	-0.005851599859619608	0.02023557442168043	0.008633353771279186	-0.0021364764926599775	0.013264773568581767	-0.014688086293849406	0.0033873688690806885	-0.010093752105675655	0.0	0.0	0.0	0.0	0.0	0.0	0.0	0.0	0.0
SRR6113297	-0.0873300177886924	-0.08776648935588136	0.005772742222731415	0.051986736221584125	-0.08832554588810475	-0.03852117786008664	0.024974291543346766	-0.03547233186748216	0.05249442535939419	-0.06490279523347646	0.025734952009614898	-0.12336209170501305	0.01899450447393169	-0.034465770823936155	-0.04441737027003199	-0.02228960088683451	-0.07514603631148836	-0.014236458270171785	0.006412214061592206	-1.3177760879886111e-05	0.005902764143173049	-0.02569116789394247	-0.004326004840441512	-0.007059022535944937	-0.022083586343637322	-0.07266423590576035	-0.019662398150455587	-0.020396750017816864	0.023287151009637935	-0.050416751382853384	-0.005805905663265406	0.00818294870996996	-0.015567266174002538	0.015772459940027773	-0.03500168461686388	-0.01298861962319243	-0.0037407762271164493	0.04923324225926572	0.026155822340323816	-0.006691654612383001	0.010545277749286465	-0.03234785084111367	0.021945482924502446	-0.016179496705390567	-0.004876789118917891	0.004243946518271529	-0.007473409217252535	0.01712730612783736	0.027079815868507016	-0.00483460113887865	-0.02072007031369384	-0.015402573324170468	0.0014941179384982903	-0.020320268490689103	0.0201100785438249	0.01045605103307157	0.028646525512011987	0.0014304813662806314	0.013942004935291151	0.0066025527460846205	0.006429050196189139	0.0008865619286266147	0.0	0.0	0.0	0.0	0.0	0.0	0.0	0.0	0.0
SRR6113298	-0.2516849204507512	0.17092450403340936	-0.1346129156273262	0.09440332133240038	0.10387257458951733	-0.056285608374972436	-0.0013908637504929711	0.02006843992948357	0.0991470738622295	0.0045581269852033104	0.007041386630875596	-0.006254849940810859	0.01404112857095589	-0.04328127018745079	0.002809230794672825	0.007793699427999525	-0.014619129697876525	0.007517287913238927	0.015580920089300797	-0.07488680518317636	-0.040361991262609205	0.024739706608615013	0.03940377818603012	-0.015576291176606718	-0.024582162617721153	-0.06256523846326348	-0.041260879976983446	0.010895545257140796	-0.020925371539322005	0.0019992238699120335	-0.022614279524138584	-0.008007720428831532	-0.005217253249249931	-0.029033393584491897	0.05696835662278252	-0.013152180097921627	-0.007690752438424042	-0.03080964365309009	0.010005841310376346	-0.059603384736256905	-0.009080414083835274	0.04626834786820959	-0.0294183348626042	-0.016423823340269067	0.0339925728328735	-0.02149580845220697	0.010035414477811888	0.011807250153845898	-0.006458827567216574	0.0144732462400388	-0.017850198785713124	0.0025811067663058323	0.030221187683033283	-0.0005528724999389742	0.002033915113036165	-0.003785841851510688	0.009367690946767421	-0.00888142755900817	-0.006144306062974403	-0.00013373722391227653	-0.0009860399237518545	-0.0024728241809470887	0.0	0.0	0.0	0.0	0.0	0.0	0.0	0.0	0.0
SRR6113299	-0.11697360329293997	-0.08867436108538009	-0.05877561835275825	0.023379049890481823	-0.13103537643771926	-0.012441686923352388	0.013451703306086372	-0.06599432804393737	0.01172740758747776	-0.08374957039947772	0.04277283301219819	-0.1309524834153263	0.021700971707234538	0.0008172827944516085	-0.07032199045478618	-0.01653424335480722	-0.07251534849533936	-0.030728147350284372	0.03784315862666885	0.03316393727760556	-0.020398087876599327	-0.03285609285513478	-0.0007804602046986125	-0.007197788872102601	-0.003919673043414316	0.007574890489123181	0.0013049415499090673	0.006224247542558145	-0.0043139979149482005	0.023149228771648264	0.029358967453709084	-0.015440245055631298	-0.010146626105048469	-0.014093817799470906	0.03876705079644669	-0.0195000613451704	-0.019782143375266393	-0.026908103935489522	-0.01136750413293142	0.017716947248363053	-0.014723596232078237	0.009464406835464605	0.02329864791656	0.021349816886947853	0.020068818206637175	-0.021775390206406845	-0.00831699806768768	0.021956793256558513	-0.025638158539772735	0.006708916377327987	0.025748599628345088	0.02489468715455743	-0.01206230202995808	0.023264980730624413	0.015137505977553582	-0.008179433596978349	-0.03181715060078178	-0.015638308408833373	0.006161844182184507	-0.004217720767352907	0.005620908231749911	-0.00035001961539139385	0.0	0.0	0.0	0.0	0.0	0.0	0.0	0.0	0.0
SRR6113300	0.01473933841702979	-0.07264408599378003	0.10622637274654909	0.041966786408431794	0.05390799455086493	0.18410485521173625	-0.04894631024209642	-0.03143542414102961	-0.0070509437326545235	0.006905326652343763	-0.012858636226858313	-0.04319014920849671	0.05151435327676796	0.009535523713615896	-0.014506535894948096	-0.01748649016970192	0.019801249490509144	0.04204588172353816	0.0495082145613585	0.031216782582545646	0.015742814828581347	0.027298942237092085	-0.006857040409516655	0.02994549430134424	-0.026257370008689586	-0.025958272436415977	0.013540721422163724	-0.015532810629586013	-0.02401921058489734	0.028062644652843173	-0.04352506553795079	0.026802643480921238	0.0031435927119549977	0.02320419561807721	0.0017620413408057384	-0.02086414634070013	0.020828083606668307	0.03496545635977533	0.048093920872458194	-0.03925494023529219	-0.04473876179675395	-0.020213582257885845	-0.03352940765291218	-0.03517089084778215	0.01934190402897382	-0.008507511845073935	-0.02555979719691825	0.014418060817191169	-0.0004846747051755543	-0.01029348448507968	0.015993737147415095	0.00880753744492988	-0.015818350991315958	0.028810082379605917	-0.010305208414501815	-0.007993172522434184	0.010742762677589307	0.008427254415158536	-0.010279965607795184	-0.0036755908597207324	0.001652948979773105	0.0025090880737784742	0.0	0.0	0.0	0.0	0.0	0.0	0.0	0.0	0.0
SRR6113301	0.08245364693516459	-0.039023842993162	0.0044058311704197155	0.1433156620142234	-0.09807539941224581	-0.07463068431257507	0.04305163719808615	-0.019648201395321217	-0.0004991039007721552	0.02573157902434857	0.034645476271775284	0.10337898308757985	-0.0076724014619333845	-0.012165866569949857	0.005568301740549449	0.03877331211447424	-0.06094569432005617	-0.023208242748431373	-0.05123405929471344	0.02234320840459161	0.0432994842115008	0.0033459147474178244	0.02327359806734895	0.007359261712805461	-0.03760446856066259	-0.034792418737839906	0.04399362714808608	-0.015381340849377208	-0.08897897803192116	-0.013748313050551879	0.022481394289004843	-0.05561502011118953	0.04982415763297903	-0.00895937400628955	0.047172164245077884	0.0260514543806571	0.008677426889039256	0.021876578581296498	-0.009237781190058502	0.009058332568661061	-0.046407973225625496	-0.04486684644715999	-0.02119230426623841	0.015495531034393259	0.008449663399775681	-0.010470544586771054	-0.0023252647314660826	-0.008667733168611276	-0.010075705643408263	-0.007913838340342521	-0.016226743407513153	0.0028842129809136703	-0.011446733705371253	0.0011086469555769316	-0.021942579167271714	0.01398166895979164	0.0003735917495828814	-0.0029499171329630115	0.006544529205309115	0.015720824712427285	-0.0019022921626894221	-0.000479805074810626	0.0	0.0	0.0	0.0	0.0	0.0	0.0	0.0	0.0
SRR6113302	-0.02175584981392698	-0.06527458993232309	-0.004872463629370863	0.09504620504343372	-0.056826382691896514	-0.09948159142802786	-0.03364535514893405	-0.011272768372557068	0.052303463367025925	0.0555524412227222	0.011534672204811186	0.09676994127015885	-0.03820626069122462	-0.026828750697091844	0.022778469692991625	0.026266629901244273	-0.0884126243382921	0.04854298557090349	0.010470229068449194	0.028808576078731694	0.0633823282404296	-0.0022231962312970295	-0.011618109938477754	-0.026352630453543812	-0.03283365755510026	0.007981268356459193	0.06644675243014637	-0.01958253118634916	0.05025743724362806	-0.033552396743552315	-0.011392522014621565	-0.0007234875797848607	0.03454384792002055	-0.007816186704622703	-0.01615561582515871	0.0028566293830991343	-0.021625588179778513	-0.03431716179902933	0.005952369547560063	-0.020546777741104843	-0.0037570463167160817	0.01600162593754664	-0.005536200052942972	-0.015201770091818506	-0.010757320990758292	-0.003619962465204137	0.0023098708762258227	-0.004448207685169395	0.045977408014488505	0.020415939893321064	0.019424747608152187	0.016358347518796886	-0.023228548296548374	0.0007661217623796335	0.0127978419309135	-0.01580245458806688	0.0032403598890097564	-0.00039534880978227277	-0.0012963289190678362	-0.020908316380415688	0.0010432322026566866	-0.0005189663135124084	0.0	0.0	0.0	0.0	0.0	0.0	0.0	0.0	0.0
SRR6113303	0.18018271907823785	0.32083092839503835	-0.07858926224675016	-0.047402384614499395	0.02665235786731188	0.06765583929585807	0.007540046983212585	0.028577684278438212	0.1987283320477348	-0.02453656466145574	-0.059885338899348564	0.046614200943668124	-0.02594818206724179	0.08584952459659079	-0.02956689151688873	-0.018643126915172937	-0.0478488552595605	-0.07330791454577512	-0.01556219762382342	0.04418577778348194	0.005680325546637907	0.00022038356524260315	-0.014174579998237288	-0.037901577936630175	0.018220085125087597	0.00047972702816170327	0.045653218741880545	-0.0003373215060536058	0.03300056873406345	0.04152018643443153	-0.021466677581221172	-0.01778656449419893	0.017142069293681488	0.032032371499210927	-0.019493701249661242	0.012772492816024385	0.036898789521659765	0.002591781577967351	-0.011011522129129384	0.04152487767877493	0.012808197177020765	0.005995566981751233	0.0002110163845623593	-0.028038400566122407	0.013870222779083839	-0.02958735258399977	-0.00017546452152582625	0.021584097313990046	-0.007078852610361642	-0.015499380405178145	0.0010903584186296828	-0.016730235969500795	-0.00119904947019616	0.005673657515313238	0.007509635384310971	0.002242734027328807	0.00833047362225592	-0.0036191697051682734	0.011929342708835888	0.0020153882896592626	-0.0024672993666357778	0.0011671805859705636	0.0	0.0	0.0	0.0	0.0	0.0	0.0	0.0	0.0
SRR6113304	0.010730591921344852	-0.08456056522499125	0.12886155168885496	0.08070030482026964	0.06646997617610445	0.19927332527676905	-0.06568989641640244	-0.012781184842207746	-0.014844296747917965	-0.004797825940425632	0.050987947368296316	-0.006008877054481759	0.051878392569956	0.01216987917432028	0.006454671001568082	-0.024251989893292948	-0.04468627354496861	0.0117306269310757	0.008819387027471808	-0.03701495042883722	0.026153770237950295	0.015348513361105678	0.013336935568054438	0.012200209194819792	-0.020020367237500357	-0.003913319155991052	-0.011146393735506653	0.0005215843395613796	-0.007790959771769307	-0.030664017778063768	0.02255403307767301	-0.0190983409844202	0.02187692951368729	0.027159045442828957	0.013092144855635519	0.013998802712401644	0.015591569347044454	-0.00792958741502293	-0.006412257635048923	-0.002250027898163055	0.018092164565675303	0.005091498135813667	-0.008860066531552293	0.002759182056783134	-0.013539512133319885	-0.01067225458755177	0.008430112584187093	0.01685269495483873	0.0092040307007905	0.026240067764957933	0.0024778095747326197	-0.033483899820788934	0.0014599450661918203	-0.019995399941122156	0.011861767671322593	-0.011540659595295686	-0.027865629059218175	-0.0016491869294770409	-0.005129983235665281	0.011951063062325214	-0.003128893498992367	0.005343954208346194	0.0	0.0	0.0	0.0	0.0	0.0	0.0	0.0	0.0

Biplot	0	0

Site constraints	0	0
