Eigvals	71
35.62294237007719	4.790687838677206	2.66924213552999	1.7267325663366289	1.235996538266194	0.9271002049757859	0.7080247539522246	0.6212877227596185	0.4768761314668155	0.4516033840397131	0.36982235549863773	0.33316366008337317	0.3137384783422341	0.258914508044052	0.22510628963164092	0.2206661645617205	0.19548032977401242	0.15709076215742845	0.144467411530514	0.12837743402291601	0.12541330820919572	0.09359978371541966	0.08240576739092553	0.07206377057204993	0.06894619925824874	0.062062805519567554	0.056305258374604206	0.04937003513729166	0.03609902187537162	0.030831290627489016	0.03031184790951646	0.024888396297674475	0.023241209110093752	0.017560085852875496	0.012587368042844327	0.008840812657250119	0.0017115260743862937	0.0	0.0	0.0	0.0	0.0	0.0	0.0	0.0	0.0	0.0	0.0	0.0	0.0	0.0	0.0	0.0	0.0	0.0	0.0	0.0	0.0	0.0	0.0	0.0	0.0	0.0	0.0	0.0	0.0	0.0	0.0	0.0	0.0	0.0

Proportion explained	71
0.6801703510748178	0.09147149596098551	0.05096545202712281	0.03296954764870988	0.023599628313295755	0.017701684081818013	0.013518744197555813	0.011862621681213138	0.009105283959683257	0.008622736131052553	0.007061241566224936	0.0063612949567755815	0.005990398231083967	0.004943611058434447	0.004298090327780273	0.004213312338465143	0.003732423985344226	0.002999428787695543	0.002758403531037882	0.002451187873879769	0.0023945920297071223	0.0017871571946207556	0.0015734230809624763	0.001375957090252568	0.0013164314184823968	0.001185002625004694	0.0010750703004303763	0.0009426518950358955	0.0006892604245699156	0.0005886804507143665	0.0005787624172129165	0.00047520918041003927	0.0004437584407147182	0.0003352853235808771	0.00024033821945042258	0.00016880297495918152	3.2679200914826277e-05	0.0	0.0	0.0	0.0	0.0	0.0	0.0	0.0	0.0	0.0	0.0	0.0	0.0	0.0	0.0	0.0	0.0	0.0	0.0	0.0	0.0	0.0	0.0	0.0	0.0	0.0	0.0	0.0	0.0	0.0	0.0	0.0	0.0	0.0

Species	0	0

Site	71	71
SRR6113234	0.991376545285072	-0.535065253605255	0.16756114299989855	-0.0004900643772989881	-0.17094221762983214	-0.05478391645774582	-0.25983596191426755	-0.10180056733594481	-0.15623098416310183	0.001101429190782288	0.006909642529856363	0.02064151038719089	0.0007525834569653441	0.15813779208341763	0.004199486776907047	-0.07707388591208696	-0.05616505622358937	-0.08250985960194626	-0.03963877654619536	0.022388370600210077	0.012911135279286154	0.0035978114477572005	-0.02313951488152593	0.015057716391815289	-0.00859508145632647	-0.0075559853331034835	-0.02349451448053781	-0.021325889396592825	-0.0027204329986394897	-0.016331882193548267	0.012196904622278189	-0.007040860036627406	0.017179956198891677	-0.0030109324528474184	0.0025437188285507284	0.010168177874266432	-0.006044653951260537	0.0	0.0	0.0	0.0	0.0	0.0	0.0	0.0	0.0	0.0	0.0	0.0	0.0	0.0	0.0	0.0	0.0	0.0	0.0	0.0	0.0	0.0	0.0	0.0	0.0	0.0	0.0	0.0	0.0	0.0	0.0	0.0	0.0	0.0
SRR6113235	-0.8978301238713047	0.04097975424388737	-0.24875631230226844	0.03673839493703494	-0.052454075629416716	0.20701741819790306	-0.022530438054342284	-0.08112955314545975	0.03415511552737688	-0.1296084529684746	-0.0038405796997674426	0.06602438722994006	-0.04972991082149423	-0.035761904714837325	-0.017043549407877827	-0.02199419634546959	0.006111253377535022	-0.023724276901672586	0.036815547907174374	0.06991863226244895	-0.08979938412010363	-0.0316688575094815	0.0616515156819136	-0.012103485107650863	0.018842755105687378	-0.028638481994747667	0.026157609465072305	0.007884313025971468	-0.0038915401889469867	-0.006562970552132518	-0.017856186045974647	-0.020579507611734292	0.02134762229452887	-0.005177374358830821	0.0173564428028426	-0.000893466291539006	0.0007493741998019386	0.0	0.0	0.0	0.0	0.0	0.0	0.0	0.0	0.0	0.0	0.0	0.0	0.0	0.0	0.0	0.0	0.0	0.0	0.0	0.0	0.0	0.0	0.0	0.0	0.0	0.0	0.0	0.0	0.0	0.0	0.0	0.0	0.0	0.0
SRR6113236	1.3619352306146	-0.6110357143006779	0.006382102955140845	-0.21212753774110557	-0.079350151648038	-0.008040181973199622	-0.10658461089590199	-0.04490909848393833	0.161207184696136	0.04858047333071973	0.0861903848006346	0.02372740639539277	0.11782619179976932	0.02639083382727201	0.019549931020439	0.09646688610739036	-0.02583233359442578	-0.07055345874729006	-0.018415183685737548	0.007384640966215112	0.02361037259328551	-0.015423394377231189	0.001221922088057369	-0.029349604301098568	0.02659080124739375	0.008394758881253198	-0.009679993574789216	0.0061809706171981815	-0.0331203033518464	-0.0023058253691530172	-0.0375471869858635	-0.0062258134921329596	0.01031138957718642	0.0014687084783665074	-0.012466290226006716	-0.002240038347559671	0.002743719125252843	0.0	0.0	0.0	0.0	0.0	0.0	0.0	0.0	0.0	0.0	0.0	0.0	0.0	0.0	0.0	0.0	0.0	0.0	0.0	0.0	0.0	0.0	0.0	0.0	0.0	0.0	0.0	0.0	0.0	0.0	0.0	0.0	0.0	0.0
SRR6113237	1.1838366297615086	-0.3436107072932524	-0.14932014717421194	-0.032795258229504465	0.001777451397289008	0.0726594407657761	0.2573957504429979	0.033412980555568975	-0.031868699132325706	0.061504993070903534	0.21557370419658783	0.1394064013953836	0.007143701094427246	-0.011599157313476655	-0.054368839655347494	0.049992153518571565	0.010751527142645052	0.10713289796512108	0.037647568828028784	0.10730008547489703	-0.0002602316765078066	0.03251899023142702	-0.01236640113883274	0.007953994258567312	-0.04921826490646022	-0.019968044079029156	0.0027481698644615843	0.015675382851217	0.009946895510823315	-0.01065440614159733	0.01931919527570457	0.009750543488854718	0.005066301458163901	-0.00426284775532917	0.004231520464487624	-0.0010079877950349137	-0.0009900358036921755	0.0	0.0	0.0	0.0	0.0	0.0	0.0	0.0	0.0	0.0	0.0	0.0	0.0	0.0	0.0	0.0	0.0	0.0	0.0	0.0	0.0	0.0	0.0	0.0	0.0	0.0	0.0	0.0	0.0	0.0	0.0	0.0	0.0	0.0
SRR6113238	0.4368760238244335	0.1357271077187472	0.010015288818034877	0.23300015791341633	0.0020884419138236907	-0.0012797753488557925	-0.12420984898253652	0.16827483876628963	-0.01999809270387762	0.1407386753359353	-0.06488299781403238	0.020715107948096313	0.021159917492994305	0.03187265144845937	-0.005269162396694389	0.0593732320772915	-0.021746434459564108	-0.008914772745584757	0.11394773347114492	-0.01162621795525778	0.03953091483333847	-0.013258935662513578	-0.03127308253828779	-0.0004068496883962549	-0.004025599666350233	0.01696791561509337	-0.0296056310222071	0.020237442756701512	0.023992888300297548	0.03656140696809216	-0.006407569987804938	-0.050713463038108746	-0.03330649562410702	0.00036414726847284725	0.011411632500069102	0.013336203177039072	7.39244260432047e-05	0.0	0.0	0.0	0.0	0.0	0.0	0.0	0.0	0.0	0.0	0.0	0.0	0.0	0.0	0.0	0.0	0.0	0.0	0.0	0.0	0.0	0.0	0.0	0.0	0.0	0.0	0.0	0.0	0.0	0.0	0.0	0.0	0.0	0.0
SRR6113239	1.1063716820081824	-0.447280304241564	-0.08839547023126974	-0.005132849005471652	0.021468841558791887	-0.10705409605797453	0.10154031670199525	0.07736568137059101	-0.13612054489269643	-0.024574873555300934	-0.10383944855878592	-0.01469983560139687	-0.1661687830780027	0.01667234426069186	-0.01742775739100128	-0.018279988554019286	0.024568885336834687	0.13373353811799682	-0.01832148266885302	-0.09267944940109639	-0.0322969328513443	-0.07083927819027537	0.05430414185654628	-0.04069738178650238	0.0008626241583094465	0.010859578219487954	-0.0011142334503332187	-0.045283536996616455	0.004745825209032124	0.01908499838500031	-0.018351584658338322	0.009115961217983304	-0.013756900815242841	0.0003971775037197467	-0.0052951721773905345	0.009037951902028314	-0.0011741983566015547	0.0	0.0	0.0	0.0	0.0	0.0	0.0	0.0	0.0	0.0	0.0	0.0	0.0	0.0	0.0	0.0	0.0	0.0	0.0	0.0	0.0	0.0	0.0	0.0	0.0	0.0	0.0	0.0	0.0	0.0	0.0	0.0	0.0	0.0
SRR6113240	-0.9096848015200374	0.06770544783845145	-0.18904935950255947	0.053888955166603615	-0.06908326064962292	-0.12581617831239975	0.04388270434744247	-0.10928188669294424	0.011514045389426724	-0.01887467231054537	0.005993628435124007	-0.03643627512407888	0.038214376094766404	0.011705801969724755	0.0020293347661766385	0.020655280677245574	0.024083202777898285	-0.013667289529461949	0.003838826150184225	0.016627847996284938	-0.05039536799377287	0.03381425113846868	0.024671750780378834	-0.023211932769805644	0.003347237912290898	0.036641201401344456	-0.020646544043908158	-0.025656065540864012	0.04823865998434596	0.03935651382898141	0.0602230344730156	-0.032620170134496654	0.02676191210059954	0.009562426258716328	-0.013489290695732832	-0.011589817713617364	-0.008866522815472356	0.0	0.0	0.0	0.0	0.0	0.0	0.0	0.0	0.0	0.0	0.0	0.0	0.0	0.0	0.0	0.0	0.0	0.0	0.0	0.0	0.0	0.0	0.0	0.0	0.0	0.0	0.0	0.0	0.0	0.0	0.0	0.0	0.0	0.0
SRR6113241	-0.3912850146943403	-0.6234759141455687	0.34231624937287464	-0.23807992615407486	0.22249042622457485	0.06086686328362429	0.0034606222537666674	-0.10904053675442683	-0.06219963244717251	0.10020356909178049	0.02928828410187614	0.015743438700386046	-0.06275967442962903	0.01324810622852367	0.04138242682776233	-0.0351443904247129	-0.04942958095104236	-0.005328280269866853	0.01764671176150088	-0.03523284699706443	-0.01863251125477336	-0.006301865050046752	0.007934698398079528	-0.011897936332604008	-0.006452112925608296	0.010533908054613938	-0.006021488541201311	-0.009449295102489916	-0.001539276446196393	-0.0007615503429059451	0.012219482921786897	-0.006226258800361262	0.004391956422221416	0.00355962793886031	-0.010887611218388785	-0.00579793714253795	0.0027703357068206425	0.0	0.0	0.0	0.0	0.0	0.0	0.0	0.0	0.0	0.0	0.0	0.0	0.0	0.0	0.0	0.0	0.0	0.0	0.0	0.0	0.0	0.0	0.0	0.0	0.0	0.0	0.0	0.0	0.0	0.0	0.0	0.0	0.0	0.0
SRR6113242	1.2089637190312914	-0.09924569518839671	-0.4007304644297938	0.07517196872685612	0.12852193819035085	0.3552154465826492	0.038390777643816355	-0.24098442552350327	-0.010957771164587002	-0.014134667940112497	0.009539226688533475	0.09346960065017776	0.06378815442538935	-0.07656429127276966	0.037461296437984876	0.01262462604107792	0.0648725234325489	0.0068230123106131245	-0.01734497781760216	-0.06246946279420245	0.020839816452290348	0.01509974999037169	0.026749280292160227	0.019766479251603998	0.013115002930582556	9.29759698788177e-05	-0.004514527519127234	-0.02285635047867158	0.004879895850433488	0.014458348988248848	0.00474008652791061	0.006709239522648262	-0.006746793051160846	-0.0017085614522011118	0.0031629610430744214	0.0079311518702181	-0.002305477301603141	0.0	0.0	0.0	0.0	0.0	0.0	0.0	0.0	0.0	0.0	0.0	0.0	0.0	0.0	0.0	0.0	0.0	0.0	0.0	0.0	0.0	0.0	0.0	0.0	0.0	0.0	0.0	0.0	0.0	0.0	0.0	0.0	0.0	0.0
SRR6113243	0.519593702177243	0.11176514700530722	0.0930484692348183	0.4372315242420718	0.06937918524051392	0.35927490553421626	-0.07396491861517952	-0.2063625678090574	-0.061026377936848245	-0.05722005640672774	-0.08055018503978757	0.018952132888353762	0.06737991010978607	-0.11129589052075485	0.10254274210915076	-0.018009009124637685	-0.015528424120796679	0.016322969969381963	-0.025052725324780336	-0.01839095081156628	0.04855586148363879	0.010384931777292172	-0.0024993974915885225	-0.012011297995197652	0.023947589960974194	-0.0075424845788224035	0.0031605091623791216	0.0017212931512950076	0.01580986081931317	-0.004881692399216739	-0.0014344670005096596	0.0004888994112300027	-0.010954875410454689	-0.0021149202190734193	0.006991558936994286	-0.00038019150048072115	0.003953980591806438	0.0	0.0	0.0	0.0	0.0	0.0	0.0	0.0	0.0	0.0	0.0	0.0	0.0	0.0	0.0	0.0	0.0	0.0	0.0	0.0	0.0	0.0	0.0	0.0	0.0	0.0	0.0	0.0	0.0	0.0	0.0	0.0	0.0	0.0
SRR6113244	-0.45603125130728805	0.05020792140115396	-0.019117507066943904	-0.04650776766400147	0.21316523712484647	-0.07676015165840648	-0.02334090427354348	-0.003681940849576312	-0.02017345226527819	0.014935187961009429	0.08333388720897317	-0.009210731983923954	0.0068441147475173355	0.013168949405758773	0.05386596811639446	-0.08868721825739909	0.010444076821735556	0.0580230292857614	0.00035171210714423463	-0.022770406649255462	-0.009283288265764142	-0.03634976147697668	-0.04039118480988381	0.04119111491050907	0.02898856637124713	-0.027678568747681664	0.0078041417614753165	0.004385895567450455	0.015968944040539168	-0.01769691421218175	0.019493656978817064	-0.024998145548652043	-0.002753364995181273	-0.03329816253387707	-0.018274304847483137	-0.02440006039388219	0.0018743901040214974	0.0	0.0	0.0	0.0	0.0	0.0	0.0	0.0	0.0	0.0	0.0	0.0	0.0	0.0	0.0	0.0	0.0	0.0	0.0	0.0	0.0	0.0	0.0	0.0	0.0	0.0	0.0	0.0	0.0	0.0	0.0	0.0	0.0	0.0
SRR6113245	-0.5618235645996421	0.004262110149298349	-0.07418975524134337	0.05835557726738726	0.35082239206578386	0.08063468749620199	-0.13584150184769064	0.0018504583763435517	0.0621911743220917	-0.10456282280064313	0.05331305814540287	-0.05857402401339649	-0.03211402514044169	0.08230720839058071	0.06534780475726105	0.02692405185134934	-0.03238683802383612	0.06021532102499602	-0.003814245775596748	-0.024350851426958222	-0.03625454364119348	0.029463043584215805	-0.053636817040692834	0.006079183426505694	0.028690209187357724	-0.010896639338732547	-0.01388075531451484	-0.012820084328213154	0.0010312046623530595	0.006218300705519538	-0.0026876640315812617	0.01169672105421662	0.02639517982670741	0.01811728504432003	0.01295841862521359	0.008325269537336182	-0.0009915544209239185	0.0	0.0	0.0	0.0	0.0	0.0	0.0	0.0	0.0	0.0	0.0	0.0	0.0	0.0	0.0	0.0	0.0	0.0	0.0	0.0	0.0	0.0	0.0	0.0	0.0	0.0	0.0	0.0	0.0	0.0	0.0	0.0	0.0	0.0
SRR6113246	0.702369348263809	0.15319037823847312	-0.15840376233811043	-0.07686775319433156	-0.08991043151635007	-0.08800210974406872	-0.16436768697492776	0.056318638300539195	-0.1024061747196774	-0.09484099390589729	0.13760185738144315	0.04059300055962673	-0.058091575357506295	0.07937812340209412	0.06225713745596424	-0.07611783665716146	0.09810389269366938	0.02578492501491509	-0.04478252649781113	-0.003259270238008187	-0.011678248717483616	0.05675018268630157	-0.005506163635454161	0.005513119038956205	0.006600689421839396	-0.035525194856442274	-0.015227866605192234	0.007802345563867238	0.018501139285283373	0.0053257756086374465	-0.011129592267710197	-0.0007170770074311351	-0.028044454752591753	0.002501104595196138	-0.007545053903700846	0.006689690732444586	0.006109155051566991	0.0	0.0	0.0	0.0	0.0	0.0	0.0	0.0	0.0	0.0	0.0	0.0	0.0	0.0	0.0	0.0	0.0	0.0	0.0	0.0	0.0	0.0	0.0	0.0	0.0	0.0	0.0	0.0	0.0	0.0	0.0	0.0	0.0	0.0
SRR6113247	-0.4428575158403646	-0.29239325046052084	0.13898021739498112	-0.07699019949975769	0.22230774778123144	-0.054898917159843276	-0.17401760159949003	0.08285020504746379	0.05277397500831539	-0.07997432498914052	-0.03337854335198745	-0.02312578138449194	0.011712882675992695	-0.02637198952450648	-0.04565187575228967	0.09907107541959495	0.03964491416268181	-0.006957663604093474	-0.03142495196329667	0.03341357000916702	0.025608971758468484	-0.03493186432300363	-0.029149534245490907	-0.07743870950686721	0.021602133154483432	0.020739633089794138	0.04254017068806783	0.019747461529986025	0.040508046056920086	0.014706068446394726	-0.014655182235605108	0.005364292933488092	-0.017085404149045365	-0.009484571407449254	-0.012356187661119173	-0.020512377516715714	0.0004333856626084435	0.0	0.0	0.0	0.0	0.0	0.0	0.0	0.0	0.0	0.0	0.0	0.0	0.0	0.0	0.0	0.0	0.0	0.0	0.0	0.0	0.0	0.0	0.0	0.0	0.0	0.0	0.0	0.0	0.0	0.0	0.0	0.0	0.0	0.0
SRR6113248	-0.8499653948306823	-0.09758507769623588	-0.11388706786488091	0.045577047138573135	-0.050310904777679764	-0.2683716256177333	0.03834346390967167	-0.11049178565505463	0.060998188695247445	-0.017760807012525758	-0.006612021048606408	0.00033985062531156207	-0.07134776913249272	-0.07718638177656693	-0.006136427905312292	0.032358530699841924	0.03914140790716443	0.0349269737787963	-0.03577531128614117	0.03126881455792542	-0.0049029619004399005	-0.0646980374212073	0.023463684913525722	0.0013829858230526202	0.040969124934458395	-0.07875499728994183	-0.023620870365605035	0.021899558695116658	-0.03329693452254596	0.017299504530594232	-0.0017292737939101897	0.00715431532161408	0.008649255421770448	0.012354112922111781	0.008136937019522972	0.012576680341481508	0.00687165997476849	0.0	0.0	0.0	0.0	0.0	0.0	0.0	0.0	0.0	0.0	0.0	0.0	0.0	0.0	0.0	0.0	0.0	0.0	0.0	0.0	0.0	0.0	0.0	0.0	0.0	0.0	0.0	0.0	0.0	0.0	0.0	0.0	0.0	0.0
SRR6113249	0.4056042872639592	0.15849671969094362	-0.032963956564041795	0.25902477677607694	0.025368402258281686	-0.18812559007257249	-0.013287412941270548	-0.05395432693164226	0.021091027323189834	0.03137924288118236	-0.0045650292086581055	-0.07105624715517665	-0.02923352911483929	-0.07462382432513687	0.06502868253241685	-0.03471963693043672	-0.0203329217151574	0.08007983979772622	-0.014359854136129791	0.070439288882782	0.041655012375761996	0.02014264258398798	-0.015219707540682937	0.004905272903178115	0.045774983450673795	0.04703864201622644	-0.07161891667009193	0.03414330848973038	-0.019089675609396606	0.03325196652266192	-0.000936945319659174	-0.02085870408968006	0.02447284672897814	-0.005052636276514847	-0.029743923769658658	0.003041005588080954	0.0018742033643748893	0.0	0.0	0.0	0.0	0.0	0.0	0.0	0.0	0.0	0.0	0.0	0.0	0.0	0.0	0.0	0.0	0.0	0.0	0.0	0.0	0.0	0.0	0.0	0.0	0.0	0.0	0.0	0.0	0.0	0.0	0.0	0.0	0.0	0.0
SRR6113250	-0.4305806194066192	-0.39036731817820536	0.163895929426815	-0.11960429587401289	0.2252696729036489	0.010169758677246942	-0.10942468662890718	0.15239442855065283	0.003740253699986043	-0.020515238991422005	0.009227487598722342	-0.010619082207394086	-0.04075644425397703	-0.0515659735344169	-0.0011423193046950556	0.03500666808940834	-0.01597930334288058	-0.01588200471122033	0.0379245627438468	-0.004819154027405122	-0.0004741294120816958	0.0630544087576238	0.027872853000073774	0.06168081310919858	0.00579351487317531	-0.03569017122875294	-0.019062546160810368	-0.001001230355878358	-0.019651895192820932	0.014646280213997597	0.004700424000390383	0.007240535198375505	0.006197849906295545	-0.006916212907811652	0.020359716300176085	0.02945918173492833	-0.00843619134611902	0.0	0.0	0.0	0.0	0.0	0.0	0.0	0.0	0.0	0.0	0.0	0.0	0.0	0.0	0.0	0.0	0.0	0.0	0.0	0.0	0.0	0.0	0.0	0.0	0.0	0.0	0.0	0.0	0.0	0.0	0.0	0.0	0.0	0.0
SRR6113251	0.4962909347344062	0.1617971819068698	0.17914715855285643	-0.016150173176026683	-0.26441100177535987	-0.01305983316499757	-0.14944823186687273	-0.010685371073227095	-0.02194794933410002	0.13183030416750374	-0.10741077439659952	0.08124960877857337	-0.029093100059059122	-0.09964961215094668	0.012796753474837634	0.03631787274568164	0.01120906606534695	0.04614531318315207	-0.02342297788426136	0.05896928715008639	0.01352257633507019	-0.030262684063267303	-0.05599558492313424	-0.021419722908506092	0.025825467100536122	-0.03772134328345542	-0.005510913655717987	0.005274803089205351	-0.023936866432644286	-0.0194328008279523	0.0025054054584623237	0.002206871575798127	-0.01829279721994987	-0.0047754060338870575	0.008487027275949237	-0.009519840910510285	-0.000959978495380764	0.0	0.0	0.0	0.0	0.0	0.0	0.0	0.0	0.0	0.0	0.0	0.0	0.0	0.0	0.0	0.0	0.0	0.0	0.0	0.0	0.0	0.0	0.0	0.0	0.0	0.0	0.0	0.0	0.0	0.0	0.0	0.0	0.0	0.0
SRR6113252	-1.1118317853549131	-0.02249949265705632	-0.21603726078981644	0.12460640788378163	-0.176119103810882	0.05565951495537317	-0.04915809660806888	0.10949166019582025	0.032941628914468	0.16992525360506236	0.025013654320829106	0.0066530374064122195	0.00704270617450213	0.047732630784896694	0.04338039220994605	-0.0037260339145066684	0.17051626007232476	0.009788046591906291	0.09780610738250238	0.02006317440478506	-0.008940134347398012	0.011401542460396177	-0.04879787285092235	0.03622568343428491	0.033840147669773224	0.030898570964673223	-0.016199296121054387	-0.020946749754302302	0.013845456267176025	-0.011853781753455833	-0.008358865882843371	0.029705308077883002	-0.006632530789162537	0.00777702758164541	-0.005460377218887905	0.0047124161953907995	-0.0001220461025255848	0.0	0.0	0.0	0.0	0.0	0.0	0.0	0.0	0.0	0.0	0.0	0.0	0.0	0.0	0.0	0.0	0.0	0.0	0.0	0.0	0.0	0.0	0.0	0.0	0.0	0.0	0.0	0.0	0.0	0.0	0.0	0.0	0.0	0.0
SRR6113253	-1.0792824689354166	-0.0247192767470706	-0.27957884815503353	0.11796281131459567	-0.05175062386574429	-0.026545200373198987	0.05088624285872647	-0.029276091400396935	0.024169073125841142	-0.017062129634705204	-0.031942389280786763	-0.12193151711306471	0.1760433809140592	0.13494223259087115	-0.010778269043496403	-0.036431064941603794	-0.05928702350818275	0.054938209741950586	0.03276554607719979	-0.02835368523684571	0.05788303070254851	0.0757411306886007	0.01201810051526093	-0.03994068465060634	0.016277597542514417	-0.04769911029517336	0.02266128824995147	0.015924219892386685	-0.03117800335436403	-0.012569223135966251	-0.00013426269237994673	0.01372412231064188	-0.010166975751649432	-0.0015464685222869657	-0.0012968592279085256	-0.00033597005850587446	0.006395594983449371	0.0	0.0	0.0	0.0	0.0	0.0	0.0	0.0	0.0	0.0	0.0	0.0	0.0	0.0	0.0	0.0	0.0	0.0	0.0	0.0	0.0	0.0	0.0	0.0	0.0	0.0	0.0	0.0	0.0	0.0	0.0	0.0	0.0	0.0
SRR6113254	0.41403578469182745	-0.34866683440784546	0.4527995589733987	0.22996465137378527	-0.021483797425856186	0.007841149211117896	0.07158496491252424	0.04491584963322117	0.06400714971691779	0.014174964322239008	0.04519330262899968	-0.0030007520448715047	0.007101727896556599	0.0036752765294407784	0.00158525381230232	0.006728191470782021	-0.07482226913008763	-0.015570336291722194	0.03192525331257424	0.00791959327505246	-0.06533425387310043	0.0496402419671421	0.03768158825685018	-0.024367435130985677	-0.004488796027129304	-0.003949956384106916	0.022907410730220568	0.04092677046279188	-0.020649504118252317	0.03408284980589124	-0.0030738713760472916	0.021849940534554954	-0.01345102434744046	-0.028354334412057036	-0.017989024039323467	-0.0044743697586886065	0.005577673160584005	0.0	0.0	0.0	0.0	0.0	0.0	0.0	0.0	0.0	0.0	0.0	0.0	0.0	0.0	0.0	0.0	0.0	0.0	0.0	0.0	0.0	0.0	0.0	0.0	0.0	0.0	0.0	0.0	0.0	0.0	0.0	0.0	0.0	0.0
SRR6113255	0.3370598060401819	0.2319677371550436	0.043760683397153145	0.24986068066131228	0.02763956414989734	-0.07167126355042208	-0.03344142290524321	0.0156207491660042	0.06469405837231865	0.183088073230164	-0.06928192270311706	0.025052266935751966	0.004513459014412861	0.04130629120385713	-0.05275965951361173	0.020708482103021154	0.015046467106950774	-0.01495831882111852	-0.04917437219450735	-0.03416688826032721	-0.08389440702994153	0.06574786938284732	0.04202418590114129	0.007327126718370061	-0.03541187493144317	-0.017027914098904695	-0.013785175408265416	-0.04729027930550825	0.022997801907201507	-0.016729596805642972	0.006682713080307658	0.01361907337250786	0.018233400385340715	0.005561135381994436	-0.008496614509912981	-0.018067909179415493	0.0065583101197267575	0.0	0.0	0.0	0.0	0.0	0.0	0.0	0.0	0.0	0.0	0.0	0.0	0.0	0.0	0.0	0.0	0.0	0.0	0.0	0.0	0.0	0.0	0.0	0.0	0.0	0.0	0.0	0.0	0.0	0.0	0.0	0.0	0.0	0.0
SRR6113256	0.4989716672200451	0.17585184828962694	-0.06568409600444891	0.13749547200140194	-0.022279134464446636	-0.1505245268008687	-0.05127493073669195	-0.018300346469545006	-0.06746281372271429	0.05284669938066124	0.03796307842723408	-0.025719933232715732	0.013536283064690688	0.0056383256767649475	0.0756059890299497	0.04917312927691132	0.014649941897469598	0.011492083467408673	0.009583924755592528	-0.09212935180688175	0.011703287568614822	-0.04993308700461423	-0.045449176307156794	0.0056062283173837065	-0.025345553534722075	0.0030012238691003285	0.00849247763673611	0.030034532025606277	-0.01396014683347927	-0.01917756253754466	0.013277888367604842	0.026413344824070213	0.05729453886516825	-0.01598003765905063	0.03954961559020901	-0.019692087446595473	0.005083001568530246	0.0	0.0	0.0	0.0	0.0	0.0	0.0	0.0	0.0	0.0	0.0	0.0	0.0	0.0	0.0	0.0	0.0	0.0	0.0	0.0	0.0	0.0	0.0	0.0	0.0	0.0	0.0	0.0	0.0	0.0	0.0	0.0	0.0	0.0
SRR6113257	-0.7826336895854623	0.04204054394954289	-0.1738425255323655	0.0022265833557915567	-0.009604048999281144	-0.06689538339811424	0.019352056400651005	-0.04795004051427545	0.023905926139004982	-0.008026387782847439	0.04367279679626261	0.02283786117723968	0.02384056740175351	-0.0017726216836875302	-0.0026290935174257766	-0.04612773477135186	-0.1512539940722197	0.01341710490519965	0.030773329786220556	0.01602699789860689	0.030747656791228675	-0.06439062346684855	0.01274145097205788	0.052223504621153945	0.014416844227744183	0.05995899726955379	0.007894598193234468	0.029054237574451115	0.02680507896573789	0.016993400602339982	-0.023633534998478343	0.009433043896930764	-0.016007894217652023	0.005584283561580222	0.015351343192335075	0.01186159626311081	-0.0082452052373258	0.0	0.0	0.0	0.0	0.0	0.0	0.0	0.0	0.0	0.0	0.0	0.0	0.0	0.0	0.0	0.0	0.0	0.0	0.0	0.0	0.0	0.0	0.0	0.0	0.0	0.0	0.0	0.0	0.0	0.0	0.0	0.0	0.0	0.0
SRR6113258	1.2958133914287786	0.3216708643412339	-0.34716491310006603	-0.49422858785269885	-0.21134888745496913	0.14497096567965664	0.010675261672415164	-0.057439891681969044	0.19306784082628967	0.062434261641883586	-0.03024145393495413	-0.018632278477873087	-0.028721922416629266	0.05102655133254452	0.01814855387581865	-0.0025380602737815785	-0.008222505895790542	0.0004559725951907435	0.012761313566114556	0.015140559071568891	-0.028035683309400185	-0.034186760933924726	-0.012237754904242686	-0.013949137724340567	0.0037671721130351646	0.0064838255634611375	-0.0008418132271754753	-0.007430779693431512	-0.004346177449476027	-0.0037966460660016532	-0.0004417521325574019	0.001557781760860325	0.007041700360345005	-0.00022051644298953354	0.0010743467851811895	-0.0014600576006896537	-0.0012319431486403868	0.0	0.0	0.0	0.0	0.0	0.0	0.0	0.0	0.0	0.0	0.0	0.0	0.0	0.0	0.0	0.0	0.0	0.0	0.0	0.0	0.0	0.0	0.0	0.0	0.0	0.0	0.0	0.0	0.0	0.0	0.0	0.0	0.0	0.0
SRR6113259	0.4268227657522167	0.15684753601593562	0.03541843965958448	0.2433439850841611	-0.005625460743545128	-0.11280442090460387	-0.007867193911391726	-0.08621526142374288	0.02925180187172307	0.03534874849078328	0.005925629164041344	-0.1213711932415341	-0.0018289042234611874	-0.03138956235513726	0.09709708741422633	0.019337369623541198	0.014281327974392256	0.005110567167730833	0.04618583507806979	0.07755020319005887	0.011834482352543179	-0.03591120668719341	0.005444138232769609	-0.08306929241155098	-0.09193354410420282	-0.07577603930528339	0.03155874619583049	-0.03836038723460022	-0.013937713579669296	-0.006227785258629811	0.0016280648390904246	-0.006940713842830525	-0.016151907381763968	0.01728572447930013	-0.011150827610185566	0.015819707642148087	-0.010828322217442626	0.0	0.0	0.0	0.0	0.0	0.0	0.0	0.0	0.0	0.0	0.0	0.0	0.0	0.0	0.0	0.0	0.0	0.0	0.0	0.0	0.0	0.0	0.0	0.0	0.0	0.0	0.0	0.0	0.0	0.0	0.0	0.0	0.0	0.0
SRR6113260	0.3116766356217939	-0.2785293623233295	0.41864534744339765	0.2573964094502814	0.04724644460629004	0.03882615151436016	0.3068694142370747	0.07843007309596396	0.05117517456241526	-0.04441444843359618	0.10097564669979106	0.09095740785465602	-0.04147105204722717	0.05091723889963546	-0.025935990481070138	0.0065562669268126724	0.0007863727243604833	0.04019358119345673	-0.029617735064975614	0.046055544663126294	0.03523995827012117	-0.010783507689384842	-0.0480185365476891	-0.010663031995392234	0.014013922866086607	-0.004267109928976788	-0.011729069172413951	0.000434055582098623	0.015864745556432587	-0.01857139333269977	0.004296444429982431	-0.020391762053305763	0.016459485528013122	0.02194006662163619	0.02163750542627519	-0.0024654849708374833	0.0013411503150548242	0.0	0.0	0.0	0.0	0.0	0.0	0.0	0.0	0.0	0.0	0.0	0.0	0.0	0.0	0.0	0.0	0.0	0.0	0.0	0.0	0.0	0.0	0.0	0.0	0.0	0.0	0.0	0.0	0.0	0.0	0.0	0.0	0.0	0.0
SRR6113261	0.39723352529807454	0.26710190522688776	0.06881608171318433	0.09951895470774087	-0.08626318380671798	0.13540887286070083	-0.14181374565632865	-0.026092518489423365	0.09810209815311301	-0.029045960965517967	0.010864979490052244	-0.035039846691648786	-0.09721252955609812	0.06475446190980542	0.05053224105984119	0.033277808772357725	-0.01611241905773528	0.04257483375795111	0.048382385670107414	0.03194166113868558	-0.046381878115722266	0.03524644612039509	0.02706100490359495	-0.0007096248270951708	0.00241708284759996	0.03436391993405264	0.02272536436148758	0.0066556209360174	-0.007697630511721357	-0.0070576509990307405	-0.016397600744623535	-0.007807014734929257	0.0196805708977589	0.009982064641142156	0.00037589883963307704	-0.007281727212651475	-0.006082053760655316	0.0	0.0	0.0	0.0	0.0	0.0	0.0	0.0	0.0	0.0	0.0	0.0	0.0	0.0	0.0	0.0	0.0	0.0	0.0	0.0	0.0	0.0	0.0	0.0	0.0	0.0	0.0	0.0	0.0	0.0	0.0	0.0	0.0	0.0
SRR6113262	-0.28433786081091283	0.1549123663631965	0.07792199801667674	-0.1779734124663612	0.04209210773263098	0.10695911842496443	0.023414580209975108	0.09207861413599436	-0.10176784789705431	0.05141848238634888	-0.05996996064097629	0.06562277426692092	0.04445653999820216	0.02995927191556847	-0.0002835785253365605	-0.027852247125959077	-0.005754792838162264	0.024835277666571887	0.014903490051525718	-0.008088907204378758	-0.003823058044957034	-0.015363013346783878	0.040302783275734125	-0.042760442647147366	-0.0012740053248092478	0.044470005557006004	-0.015298503903291422	0.05546391090751183	-0.03363554852890943	0.006570943635316944	-0.009503833253196706	0.0020004501155311354	-0.012689087359340186	0.03267038651553329	0.023843094837510213	-0.030256117294798497	-0.0021801259936292013	0.0	0.0	0.0	0.0	0.0	0.0	0.0	0.0	0.0	0.0	0.0	0.0	0.0	0.0	0.0	0.0	0.0	0.0	0.0	0.0	0.0	0.0	0.0	0.0	0.0	0.0	0.0	0.0	0.0	0.0	0.0	0.0	0.0	0.0
SRR6113263	-0.4231703272505083	0.013440229455185825	-0.03700056755273045	-0.06805527484604089	0.21365734746108192	0.16708482765177424	-0.009059728882281142	0.10519274671652612	-0.07937783006815399	0.006146797211531928	-0.02137191644199557	0.029663026079961182	0.05910769084193118	-0.057212169298687096	-0.03903989502514105	-0.031290322783397224	-0.051594435719837135	-0.022104656559691262	0.025143634982322353	0.028478750617868923	0.06443233065972456	-0.050816076487482965	-0.001162604882539869	-0.015030653759328513	-0.012679187977478	-0.015799411558017017	-0.04073534443199608	-0.027206433443508374	0.01215373981132173	-0.025147027072913563	0.019931214320023503	-0.009421426586096815	0.013763476084496832	-0.0061498275483849	-0.019643235954871593	0.0059889642843382685	0.006901509600043903	0.0	0.0	0.0	0.0	0.0	0.0	0.0	0.0	0.0	0.0	0.0	0.0	0.0	0.0	0.0	0.0	0.0	0.0	0.0	0.0	0.0	0.0	0.0	0.0	0.0	0.0	0.0	0.0	0.0	0.0	0.0	0.0	0.0	0.0
SRR6113264	-0.03136268342918174	0.17616344642457743	0.13068634711048485	-0.07598521323112865	-0.03495300951640518	0.15982581116274283	0.03671569695622379	0.1289798163006488	0.023780491878803156	-0.052236749186138784	-0.07576525921929775	0.09474475367369488	-0.06851656916652654	0.04590815608079923	0.014702883147151428	0.017054403015341422	0.06372126117856042	-0.06882004342687577	0.02372617298835129	0.014573302610512168	0.03853676474411244	-0.01737093975989277	-0.007061986534654342	0.016394649003321382	-0.029554789494967856	-0.05203278534511562	0.001506966411288464	0.005509292454823216	0.024895389169599724	0.02654864480363644	-0.024270340986848084	0.028990444149959205	0.04033887176030601	-0.010685260456892004	-0.029962868065577936	-0.0073650949600615545	-0.004648643356439724	0.0	0.0	0.0	0.0	0.0	0.0	0.0	0.0	0.0	0.0	0.0	0.0	0.0	0.0	0.0	0.0	0.0	0.0	0.0	0.0	0.0	0.0	0.0	0.0	0.0	0.0	0.0	0.0	0.0	0.0	0.0	0.0	0.0	0.0
SRR6113265	-0.08949889010422864	0.23068223169725396	0.11622473630994837	-0.1001974242697752	-0.00029686021522382815	0.10053364628683563	0.04313868441920387	-0.005113759577255511	0.02811362628599979	-0.049486437370010974	-0.0712437954242712	0.06405042085533409	-0.015730602557281627	0.14494724363578246	0.02091066466924099	0.0011591395600448447	-0.00012768181349394266	0.05019409760903905	0.09554649400136854	-0.0031362660217111008	-0.0028424885431673178	-0.02298379528215812	0.018006776495718833	0.01891709132848869	-0.025200238569739103	0.014676736316423558	0.0345743202213627	0.0060304765276615315	-0.037536793742684066	0.0377396529492284	0.014078921878745083	-0.021124379133328552	0.00973603681932869	0.00654853822090582	-0.008462770236189316	0.011924311123621007	0.010873888144089532	0.0	0.0	0.0	0.0	0.0	0.0	0.0	0.0	0.0	0.0	0.0	0.0	0.0	0.0	0.0	0.0	0.0	0.0	0.0	0.0	0.0	0.0	0.0	0.0	0.0	0.0	0.0	0.0	0.0	0.0	0.0	0.0	0.0	0.0
SRR6113266	0.6286048660011934	0.16930268344488827	-0.09629023513560765	-0.05907126178571151	-0.1323840187625081	-0.06340215005195413	-0.05395177558885452	0.04664460949914421	-0.18819322888119291	-0.08795233979515392	0.025182094692585102	0.062992851799096	0.038991751136644284	-0.05099849235053582	-0.019811981460350507	0.0004188542679335683	-0.06832245458231502	-0.025022877040596945	0.061854796505616184	-0.019019538995665976	-0.0029109429009612124	-0.0039452550412444765	0.05508232677351583	0.011344327676405011	-0.04602304457870684	-0.002484909824866631	-0.04395847855822503	-0.019585322753879274	-0.007102527734205468	0.002630187028979768	-0.003801778575242738	-0.0446712525398363	0.01611845401363808	0.005307117083439595	-0.004672151585276637	-0.01301564180173813	0.0063135619420825306	0.0	0.0	0.0	0.0	0.0	0.0	0.0	0.0	0.0	0.0	0.0	0.0	0.0	0.0	0.0	0.0	0.0	0.0	0.0	0.0	0.0	0.0	0.0	0.0	0.0	0.0	0.0	0.0	0.0	0.0	0.0	0.0	0.0	0.0
SRR6113267	-0.7086750003349621	0.07973637158231367	-0.13438784257731431	-0.047369328280441665	0.010399519666651267	0.0058433331665569	-0.029546896119272217	0.020192992510351438	-0.023874022174062752	-0.045927976347964916	0.05559509714812882	0.03578005201074083	-0.016705990287699663	-0.059581984866116364	0.016107594052728973	-0.0454072239395269	-0.062082773445581	-0.02746348805216282	-0.05412808650848035	-0.024582195424198428	-0.013457549062366651	0.006813640153676292	-0.06389111557385657	-0.02912711287521485	-0.07888861414075839	0.020173165883842447	0.004519188182232465	-0.028244124704712714	-0.01996057363710193	0.031663478163663564	0.02065250909064618	0.026492430110204364	-0.016664294958338252	0.02995935961620415	-0.007231478253157975	-0.003608714873730453	0.006176161434218197	0.0	0.0	0.0	0.0	0.0	0.0	0.0	0.0	0.0	0.0	0.0	0.0	0.0	0.0	0.0	0.0	0.0	0.0	0.0	0.0	0.0	0.0	0.0	0.0	0.0	0.0	0.0	0.0	0.0	0.0	0.0	0.0	0.0	0.0
SRR6113268	-0.8531416781042854	0.09550061912784688	-0.12135376037065664	-0.08354250226972189	-0.15564129246162897	-0.07792895330771037	0.01161039826622391	0.004446104483029101	-0.04974078721684075	-0.0549078547590566	0.024756178108672987	0.03456556592200053	0.0010609093216777934	-0.03287246451219273	0.005908213659012261	0.1020199433504032	-0.023991119248786802	0.024864845648495382	-0.04589414899295831	-0.10087699120216981	-0.10198791129007266	-0.0034016240182407993	-0.0056273604240854	-0.015052931402441842	-0.005546135542750761	-0.0027338260997478566	-0.012625472483499963	0.03317479513955003	0.006804810144667228	-0.029119210074767445	-0.007158416471548645	-0.021657235841032966	0.006240428122096275	-0.0044308173871416565	-0.003315627018870751	0.016407093758657447	-0.0019885365860326395	0.0	0.0	0.0	0.0	0.0	0.0	0.0	0.0	0.0	0.0	0.0	0.0	0.0	0.0	0.0	0.0	0.0	0.0	0.0	0.0	0.0	0.0	0.0	0.0	0.0	0.0	0.0	0.0	0.0	0.0	0.0	0.0	0.0	0.0
SRR6113269	-0.7281175149188817	0.04445993260478554	-0.17478950368533266	0.1004089615959091	0.12838331502770622	0.05002906998434054	-0.010623349175206461	-0.1854781416047348	0.0436095487239933	-0.038337692617426145	0.01570064127779782	-0.006924007830914644	-0.13604518594139448	0.0006388207381898701	-0.09023736694582893	0.071049847814333	-0.014755229061300243	-0.009921247840620361	0.020447603797220677	-0.04389604708760581	0.05377803092425381	0.00016824243260667423	-0.02864656239546401	0.01884749322309264	-0.03170396870166226	0.0384928647758547	-0.03322293163211159	0.013424477598493398	-0.04101932418882617	-0.012307389185564852	-0.0012080487361316528	0.026132959077204483	-0.02154088056407032	-0.001596520325463079	-0.029741419065195816	-0.00942771319143828	-0.0031158483118331696	0.0	0.0	0.0	0.0	0.0	0.0	0.0	0.0	0.0	0.0	0.0	0.0	0.0	0.0	0.0	0.0	0.0	0.0	0.0	0.0	0.0	0.0	0.0	0.0	0.0	0.0	0.0	0.0	0.0	0.0	0.0	0.0	0.0	0.0
SRR6113270	-0.11714572972119981	0.1608345426167413	0.1298980116556808	-0.05047634779874864	0.03936428291812806	-0.11326752965616213	0.10510334421857653	-0.04204619411373339	-0.03906025008214674	-0.006376890935694509	-0.08626787201821536	0.0233590385723321	0.04803760158246837	0.03189709537850428	0.048060741596252135	0.09418588516301263	0.0167605669228773	-0.04564034162267294	-0.002285927704544366	-0.009266797121292974	0.012626692463703529	-0.05089660839790967	-0.028429354272122218	0.048552596902156415	-0.0036584541841710155	0.01330053163933638	0.06954448438961582	-0.0008438002293575497	0.0007102845879521616	0.03134565402110246	0.024837846936446625	0.02485586700809927	0.02151494328900316	-0.004728541464827357	-0.005601543319991277	0.022826442856011833	0.0076300145491489365	0.0	0.0	0.0	0.0	0.0	0.0	0.0	0.0	0.0	0.0	0.0	0.0	0.0	0.0	0.0	0.0	0.0	0.0	0.0	0.0	0.0	0.0	0.0	0.0	0.0	0.0	0.0	0.0	0.0	0.0	0.0	0.0	0.0	0.0
SRR6113271	0.16191541587480826	0.26402638564391895	0.17990982887160342	0.0219654421845583	-0.06727803861152792	0.0049240169185052205	0.07369072378892699	-0.02165881923012595	0.0870958720708808	-0.02672559583224291	0.08029650233527331	-0.0367721670022194	0.007780088764769729	0.08447222066510762	-0.056685025218241335	-0.08582692608821178	-0.009662555473676592	0.02873802612686601	-0.010076318196890978	-0.08547939117572337	0.06179175921514434	0.014143237656856966	0.008248726765625557	0.02601416088006771	0.03597389694832647	-0.06773525604571508	0.044403443680945	0.0026399462962716095	-0.013370723143784683	0.018630092131004503	0.009402408984867362	-0.029547478301312144	-0.007719706956363249	-0.014155578872732007	-0.001293083793611696	-0.01812662513925192	-0.011751464598840217	0.0	0.0	0.0	0.0	0.0	0.0	0.0	0.0	0.0	0.0	0.0	0.0	0.0	0.0	0.0	0.0	0.0	0.0	0.0	0.0	0.0	0.0	0.0	0.0	0.0	0.0	0.0	0.0	0.0	0.0	0.0	0.0	0.0	0.0
SRR6113272	0.1082780473153183	0.14554265108573636	0.1955395326930941	-0.005086873663482704	-0.06991463093384452	-0.13475956159467622	0.08962776699862626	-0.05393756603094569	0.036081537761844334	-0.07601675668213825	-0.01970974703310565	0.04755771593091343	0.03554305473109897	0.023639429431214363	-0.0029007672928934784	0.04705859527479631	-0.015206528717131894	0.02291423712002488	0.019453685225122745	-0.014916805093621838	0.030654188585044033	-0.017612936965585458	0.046763593584750116	0.04409666737706282	0.07761279094353724	-0.017811454044796872	-0.029484381006032435	-0.08095131778696449	0.00670378300793036	0.0059208225974452765	-0.04803729043630507	0.018568777386571065	-0.012961137971397948	0.018921369733250818	-0.004194975233968885	-0.014847306191980738	0.004176972700243141	0.0	0.0	0.0	0.0	0.0	0.0	0.0	0.0	0.0	0.0	0.0	0.0	0.0	0.0	0.0	0.0	0.0	0.0	0.0	0.0	0.0	0.0	0.0	0.0	0.0	0.0	0.0	0.0	0.0	0.0	0.0	0.0	0.0	0.0
SRR6113273	0.6467934564611988	0.1602718044504844	-0.028040656283380126	0.02769928889685145	-0.09139684891620573	-0.142425881456087	0.01764832672828708	-0.035772241129053806	-0.17335661334425875	-0.03204185935074056	0.08030667702922095	0.03589357725949951	0.05391816792709826	-0.03284365079413432	-0.01168404932768783	0.17262621482899038	-0.04680107128660593	-0.05496674205310031	0.00952685654925776	0.02701855205105283	-0.03051887564159983	0.07290367189353697	0.016640548484537842	0.013976143068375232	0.06432463506958179	0.01377921495787078	0.038381189822634124	-0.008980063588954139	0.011566728019014488	-0.0037276968173357164	0.002387522857363371	0.012098036803403206	-0.02828801732454987	0.0021303305894860088	-0.0015691286939102007	-0.0009497579612113706	0.0003046083770535186	0.0	0.0	0.0	0.0	0.0	0.0	0.0	0.0	0.0	0.0	0.0	0.0	0.0	0.0	0.0	0.0	0.0	0.0	0.0	0.0	0.0	0.0	0.0	0.0	0.0	0.0	0.0	0.0	0.0	0.0	0.0	0.0	0.0	0.0
SRR6113274	1.3463917516225787	-0.24891398350426933	-0.4154137819099326	-0.17563842250168316	0.14337564475624373	-0.04569826078101081	0.285526516400614	0.056468042471967	0.05166513399734802	0.09907269888054487	-0.11847123102350754	-0.182621078245226	-0.08919305165436094	-0.04562655216521657	0.09327405759252656	-0.08138327037324194	-0.06900175182200076	-0.10789277817668466	0.029010760913153962	0.021777019711103494	-0.0272060144841054	0.038797041668240016	-0.024017247248245176	0.019389707497042212	0.03257617833570038	-0.009045468200844788	-0.011399788490514415	0.00982257588990033	0.001403585783439953	-0.02166583477852802	-0.008372961888749206	-0.007827150339477536	-0.006682680418760402	-0.0003297003700939949	0.003398470084324448	-0.0028861447654439792	0.005403817385980632	0.0	0.0	0.0	0.0	0.0	0.0	0.0	0.0	0.0	0.0	0.0	0.0	0.0	0.0	0.0	0.0	0.0	0.0	0.0	0.0	0.0	0.0	0.0	0.0	0.0	0.0	0.0	0.0	0.0	0.0	0.0	0.0	0.0	0.0
SRR6113275	-1.0719094625305534	-0.1382891072033012	-0.21434829305264438	-0.004925089235581081	-0.1573967487883707	-0.034714665171862245	0.08094324741042405	0.17740581308899625	-0.03434659221983391	-0.11572180423492384	-0.10207733131829837	0.007317018956587593	0.06649533231839297	-0.06572632827699972	-0.03112421344324169	-0.0751943213248514	0.01909016909574351	0.07963186186138585	0.012124918886307588	0.027573376709563144	0.01890609924945111	0.03118058925216901	-0.018702533556370568	-0.01766808633305618	0.0003355015052080797	0.033907896683656236	0.016257626485189833	-0.03626257251675843	-0.019439389528945028	-0.03085073720116375	-0.021250909076005485	0.0009575640217548883	0.009963148731871338	-0.006664943774355814	-0.005065193228221456	0.0005436321381113285	-0.0023673392503491164	0.0	0.0	0.0	0.0	0.0	0.0	0.0	0.0	0.0	0.0	0.0	0.0	0.0	0.0	0.0	0.0	0.0	0.0	0.0	0.0	0.0	0.0	0.0	0.0	0.0	0.0	0.0	0.0	0.0	0.0	0.0	0.0	0.0	0.0
SRR6113276	0.21549117438169058	0.13726870585193762	0.11787845925307984	0.15088762883261778	0.026189428386639627	-0.01166830979512536	0.11657011644392912	-0.044412838545445074	0.09057250861773748	-0.08230175049784803	0.05100805329015621	-0.005670977149233546	-0.043192884382462306	0.03312407530316933	-0.07301368184103645	0.06527705460765007	0.06719399807020927	-0.06864270166179963	0.05137287224546568	-0.07638779514153356	-0.03263352956122924	-0.056002185099141726	-0.01068050703205285	0.010466536628002105	0.000306444248008753	0.008561489251830473	-0.06109102349721699	0.028456558227429783	-0.018392387179547744	-0.058874578096869516	0.030505990483297576	-0.008643287075090203	-0.03357420056823119	0.00039012008790867056	-0.011047227779772165	0.00664891228695469	-0.004036063160862152	0.0	0.0	0.0	0.0	0.0	0.0	0.0	0.0	0.0	0.0	0.0	0.0	0.0	0.0	0.0	0.0	0.0	0.0	0.0	0.0	0.0	0.0	0.0	0.0	0.0	0.0	0.0	0.0	0.0	0.0	0.0	0.0	0.0	0.0
SRR6113277	1.21475015889538	-0.5079511251470997	-0.022009745826076565	-0.17905037620366404	-0.024393111597742278	-0.09855203726111825	-0.07780061242193649	-0.03446762668213442	0.0677603117732623	-0.04323836024025884	-0.10708487635539168	-0.04445366622375108	0.011318905283075654	-0.12349299022668457	-0.06108085610238377	-0.02962059319669159	0.11085748308601262	0.057747048395141616	0.051110339447591906	-0.035826842540172175	0.002199187583322081	0.04700988437408736	0.012813228857650225	0.038966231534778094	-0.020632308446932215	0.006418649024436596	0.024179936465781357	0.027214632853886547	0.029595127018273482	0.02702368848724653	0.04430053854691473	0.008176042893431852	-0.012775739036122606	0.004230135125429534	0.011393497655695046	-0.00838933315536572	7.859530354248551e-05	0.0	0.0	0.0	0.0	0.0	0.0	0.0	0.0	0.0	0.0	0.0	0.0	0.0	0.0	0.0	0.0	0.0	0.0	0.0	0.0	0.0	0.0	0.0	0.0	0.0	0.0	0.0	0.0	0.0	0.0	0.0	0.0	0.0	0.0
SRR6113278	0.11426706518164782	0.2787946781395148	0.2238984306489442	-0.07492980633830933	-0.1182305969239638	-0.015703920521010557	0.01805584184034471	0.025963995950684035	0.12180764284324294	-0.04524770312033804	0.010261174025863075	0.020167470376877404	-0.08520634556771724	0.02463427910212667	0.007339307369371195	-0.04193064544289894	0.002686295584012889	-0.04009130514074751	-0.036657615988221	0.0018276133345382995	0.10176714755733036	0.011606192294102728	0.035769405728220585	-0.08063069729273492	0.035120246532609305	0.03505262418606735	-0.020679693734642186	-0.027163819855804093	0.018075310716538114	-0.0022985574630294387	0.061922098590162025	0.012227405378743127	-0.011022600824686915	-0.011986282493554188	0.03010361856494914	0.011162676935630621	0.006192348055145944	0.0	0.0	0.0	0.0	0.0	0.0	0.0	0.0	0.0	0.0	0.0	0.0	0.0	0.0	0.0	0.0	0.0	0.0	0.0	0.0	0.0	0.0	0.0	0.0	0.0	0.0	0.0	0.0	0.0	0.0	0.0	0.0	0.0	0.0
SRR6113279	-0.745717148293816	0.12292330926647964	-0.0033099683318890483	-0.24180579817466813	-0.1656063055988819	0.05134326116335566	-0.08838250590790629	0.04194365115427467	0.05997157675556776	-0.004553074256858398	0.0539544640979516	0.00038558504845306093	-0.20467135268497758	-0.04723412009149737	0.04328321346521766	0.03523603187934644	-0.07904890499797097	0.013210733542734792	-0.019361320208925184	-0.008079623497897025	0.07919242574180028	0.053761700198831135	0.017585066215697415	0.013627094566955418	-0.018536593212407235	-0.005212198111054791	0.0028212105422246777	-0.0061841958999247475	-0.007477848295554028	0.0013181152227392907	0.013486915231889258	0.013789029090059858	-0.014394785487357465	0.007656010181128938	0.00296097668639865	-0.01012048095146282	-0.002227495993845782	0.0	0.0	0.0	0.0	0.0	0.0	0.0	0.0	0.0	0.0	0.0	0.0	0.0	0.0	0.0	0.0	0.0	0.0	0.0	0.0	0.0	0.0	0.0	0.0	0.0	0.0	0.0	0.0	0.0	0.0	0.0	0.0	0.0	0.0
SRR6113280	-0.40344676669436685	0.14526331762603248	0.060136752007152385	-0.17001617282386755	0.060746503809476014	0.01329648518009205	-0.06296823367007147	0.0670449305643738	-0.040828160562644725	0.03069820248160305	0.07815086663837305	0.019744644643728826	-0.041429783826669106	-0.013497036646626262	0.07390501096060655	-0.020004111987516632	-0.0032679268987656864	-0.020824222908107752	0.04400800297218081	0.004633146821538348	-0.005717815584500841	-0.029810920152025515	0.03061103787709998	-0.023444674070995215	0.06581071096279383	0.014147782586616012	0.0605180410074369	-0.022000037783456973	0.019016446768506935	-0.04596887159418619	0.028277645044940066	-0.012661846537142835	-0.0027274459530867903	0.006359314017595091	-0.02069990849458081	0.009613406765557988	0.003967650287754081	0.0	0.0	0.0	0.0	0.0	0.0	0.0	0.0	0.0	0.0	0.0	0.0	0.0	0.0	0.0	0.0	0.0	0.0	0.0	0.0	0.0	0.0	0.0	0.0	0.0	0.0	0.0	0.0	0.0	0.0	0.0	0.0	0.0	0.0
SRR6113281	1.0878005833685997	-0.10035065715752627	-0.47478947284213585	-0.040651211564604675	0.17470773348760554	-0.043790370736910826	-0.04926744966818385	0.20561716182174902	0.14382984722196326	-0.06364524434679805	0.026457396878595663	0.010366269392108858	0.14726210763813583	0.03200546724285778	0.0034054674860918483	0.08447084782222418	-0.008846849652848387	0.03309451902268263	-0.08554766687704976	-0.03189969467147549	0.03565931560242073	-0.025299694691322	-0.009168690409434941	-0.024068251474849704	-0.015261592353347656	0.014003575553821607	0.0017270506628158622	-0.013304382726379486	-0.0053172075782204845	0.005802896090797677	0.002490858804025049	-0.01644846173971335	0.008573252166155024	0.0017332869933341074	-0.003945097601119008	0.0004946752940863421	-0.004712950067556088	0.0	0.0	0.0	0.0	0.0	0.0	0.0	0.0	0.0	0.0	0.0	0.0	0.0	0.0	0.0	0.0	0.0	0.0	0.0	0.0	0.0	0.0	0.0	0.0	0.0	0.0	0.0	0.0	0.0	0.0	0.0	0.0	0.0	0.0
SRR6113282	-0.7248816700124118	0.029860263991434106	-0.1045556603342798	0.008691096937903197	0.03511035222461202	-0.11914161256914964	-0.003855303997408999	-0.0779364762770172	0.03990114134465716	4.984086449235797e-05	0.11812722423003771	0.015465447722901914	-0.07813408329402037	-0.0371239808624452	0.032395933553043606	-0.0012779608393303015	0.006363983547614913	-0.016595882430312625	-0.01032676808786888	0.026107899031276676	0.05551981934253734	0.029793474172134092	-0.018996379898729546	0.03875248972743259	-0.07515550294955677	0.034699304308382084	0.016623083908077	-0.03035128865292683	0.023305292642833483	-0.00472926827812776	-0.05920103400486821	-0.015906818808489463	-0.004308926523781902	-0.02604134121935159	0.013448523947877806	-0.0058081930871694415	0.0063680204698624045	0.0	0.0	0.0	0.0	0.0	0.0	0.0	0.0	0.0	0.0	0.0	0.0	0.0	0.0	0.0	0.0	0.0	0.0	0.0	0.0	0.0	0.0	0.0	0.0	0.0	0.0	0.0	0.0	0.0	0.0	0.0	0.0	0.0	0.0
SRR6113283	-0.4255333296874801	-0.10087403316791223	0.2082549760440315	-0.25533957121363793	0.05629558417487968	-0.09610340746157697	-0.13895961650886668	-0.13072389212891314	0.05452177075351608	-0.007501183374470436	-0.007310724127280851	0.053059296920129465	0.11325211810599027	-0.09644385749542074	-0.07665421474319353	-0.0799153340100605	0.020538696700787562	0.03411437403203313	0.07601532435063445	0.003935496273099722	-0.0146601681594865	0.026976002216525418	0.0027525163245522358	0.0013973558275412728	-0.01971225333775404	-0.012234290705057119	0.003579295973041171	0.01939053926556121	-0.02524867813127256	-0.02903087337766524	0.0028651185184995274	0.004257569238077979	0.004845105182377426	0.009441787930826478	-0.008129673147256544	0.0049653646645128275	0.0026306340662204182	0.0	0.0	0.0	0.0	0.0	0.0	0.0	0.0	0.0	0.0	0.0	0.0	0.0	0.0	0.0	0.0	0.0	0.0	0.0	0.0	0.0	0.0	0.0	0.0	0.0	0.0	0.0	0.0	0.0	0.0	0.0	0.0	0.0	0.0
SRR6113284	0.21838097076469815	-0.035565383148389876	0.2666486111314407	0.05804955763830347	-0.05161360445525223	-0.161072482270314	-0.04637073565933264	-0.06665155407807705	0.17244204209833688	-0.07654278466141953	-0.015757828058688247	0.034926173375084024	0.03158361992724721	-0.06706360950248373	-0.03563268290608791	-0.09648961712384609	0.09902677389801083	-0.05948654740377501	0.008189515605300937	-0.03089774058056935	0.01758709410929581	0.0039822779244899	-0.011352752242129288	0.009052544252602546	-0.018223112505882093	0.03659754176973589	0.029872216173154647	0.000607118205728449	0.0055950251121310015	-0.011174048731064666	-0.027422821916119486	-0.033418527431185875	0.012213455538629356	0.0021201871440718555	0.009268493893941663	0.008556431097117477	0.002022939393414159	0.0	0.0	0.0	0.0	0.0	0.0	0.0	0.0	0.0	0.0	0.0	0.0	0.0	0.0	0.0	0.0	0.0	0.0	0.0	0.0	0.0	0.0	0.0	0.0	0.0	0.0	0.0	0.0	0.0	0.0	0.0	0.0	0.0	0.0
SRR6113285	0.231996749358789	0.14254920209850197	0.10266096195605823	0.12699836580084728	-0.023788125305830247	0.07830626380927445	0.12029083430143991	0.07498492995205744	-0.007391602926565412	0.004405724779318101	0.07569606381940157	-0.025778462797716277	-0.01621794330357847	-0.07670433563930422	-0.100697708062748	-0.08318754608027357	0.035036850547145254	-0.10153391206483847	-0.0323836927079489	-0.052040853773749104	-0.03824088230301043	0.01988986191859635	-0.03929434678664517	-0.035844728222266614	0.017878759293836057	0.024392109509277362	0.01221005264240651	-0.0461459202421927	-0.04589676443279361	0.03755993421144256	-0.02715170995717988	-0.009975246745757988	0.009296464911871185	-0.002717548873464081	0.003723034336470749	0.007065913428237172	-0.0020538653358319688	0.0	0.0	0.0	0.0	0.0	0.0	0.0	0.0	0.0	0.0	0.0	0.0	0.0	0.0	0.0	0.0	0.0	0.0	0.0	0.0	0.0	0.0	0.0	0.0	0.0	0.0	0.0	0.0	0.0	0.0	0.0	0.0	0.0	0.0
SRR6113286	-0.47949018545426947	0.1358504324310781	0.018222927338992324	-0.098926980038805	0.11509975740902899	-0.003909891236175049	-0.023400722584837618	-0.021609669454935664	-0.05281996585750014	0.11454184660364063	-0.006051099478890472	0.027456394195803795	0.02448535387806409	-0.025933004290070023	-0.07770070941404622	0.0035762539034153024	-0.04410947157662167	-0.006316939948939961	0.11235735142837736	-0.03522521955905923	-0.05820069842282185	0.009899666971352349	-0.0905819652574501	-0.055257305653477376	0.03356754565653068	-0.03839927736999393	-0.01889134874442982	-0.05193298373338757	0.0046128761881698245	0.022846525340973273	-0.0066242843351645726	0.013058182392911934	-0.0027881447293782633	-0.016285408155697206	0.02110854662006062	-0.004029225147281266	-0.004282842861753468	0.0	0.0	0.0	0.0	0.0	0.0	0.0	0.0	0.0	0.0	0.0	0.0	0.0	0.0	0.0	0.0	0.0	0.0	0.0	0.0	0.0	0.0	0.0	0.0	0.0	0.0	0.0	0.0	0.0	0.0	0.0	0.0	0.0	0.0
SRR6113287	-1.06864301972974	-0.09555729701914888	-0.22652484418958121	0.018868830104479793	-0.18458620097789244	0.11602753130120516	0.0768036563847278	0.14803518898787196	-0.06039168981251506	-0.05752093793842076	0.053591560558772344	-0.10047976833245745	0.07095217063683043	-0.01458635439348096	-0.018293272499639024	0.04184473145023582	0.058865133774713405	-0.0863374223381798	0.006151825711186691	-0.0032497011544076857	0.056511797347742254	-0.007843132180474697	0.03960559776919333	0.010748387117206043	-0.01821066144172575	-0.02474126004227415	-0.010688343207921487	0.014331659046445719	-0.0019902644061756563	0.008898207252570511	0.017252125800015207	0.0028302549692991665	-0.010305444624874687	-0.017222309412907488	0.003953309941552778	-0.0014858935238680267	0.003331329681678004	0.0	0.0	0.0	0.0	0.0	0.0	0.0	0.0	0.0	0.0	0.0	0.0	0.0	0.0	0.0	0.0	0.0	0.0	0.0	0.0	0.0	0.0	0.0	0.0	0.0	0.0	0.0	0.0	0.0	0.0	0.0	0.0	0.0	0.0
SRR6113288	-0.34943575152036577	0.07790686626080363	0.06231946519223758	-0.008888079815215534	0.2285564125757866	-0.10497783122329087	0.06781428571409624	-0.06577080991932335	-0.07808345057448293	0.04127533188411618	0.04079668862385826	-0.10334210640738725	0.026748592943002265	-0.02636323095898247	0.02108804901768375	0.010986001544745102	0.06310952998086737	-0.083642042956248	0.01714974314971902	0.05305260272252595	0.01726192414282885	-0.030599102064541306	0.050487701889114944	0.01651237120689688	-0.00024065654401476353	0.004795453415682531	0.014311198741846604	-0.0005710466815277183	-0.00461492657688277	0.004018343378617894	0.0012815867056339345	0.005772480221831981	0.010556652860922432	0.041718942247414265	0.010373444544455159	-0.021494641944905156	-0.0064450897101938015	0.0	0.0	0.0	0.0	0.0	0.0	0.0	0.0	0.0	0.0	0.0	0.0	0.0	0.0	0.0	0.0	0.0	0.0	0.0	0.0	0.0	0.0	0.0	0.0	0.0	0.0	0.0	0.0	0.0	0.0	0.0	0.0	0.0	0.0
SRR6113289	-0.39336621587344356	0.13446640317864997	0.24290897986624663	-0.31955931782738334	0.06656505696325327	0.19033166150912753	-0.026819208369682938	-0.04815093309067719	-0.08412872558353328	0.054324020498860495	0.10367097275638654	-0.21490117548153817	0.03732615654647903	-0.0159978393904529	-0.10159902843278483	0.025742933996272126	0.03789450122821605	0.058922276618648885	-0.0767860043800038	0.02633222121631389	-0.008988089599090436	-0.02826907424044745	0.0016110700739668839	0.012374476739668105	0.007699271485981254	-0.010674870578705482	0.002825732609376142	-0.0031105237566608737	0.026842456284811106	0.0021078327160856595	-0.021921123834406947	-0.011817993498183141	-0.0022771340633028388	0.0036377890936050298	0.004611163266192393	0.01044726308781591	0.002606112022777213	0.0	0.0	0.0	0.0	0.0	0.0	0.0	0.0	0.0	0.0	0.0	0.0	0.0	0.0	0.0	0.0	0.0	0.0	0.0	0.0	0.0	0.0	0.0	0.0	0.0	0.0	0.0	0.0	0.0	0.0	0.0	0.0	0.0	0.0
SRR6113290	0.40674893273297597	0.2709563326587985	0.23414800319812265	0.036939268570476795	-0.20366888201962652	0.16121724474833465	-0.06016246986125776	-0.015412221362079027	0.04632578039831783	0.07637334505867024	0.05419031310750681	-0.2166810115088635	0.05733370880623863	0.013975448339268831	-0.11235066766758472	-0.006334222533677714	-0.031070928768243897	0.05082661228452579	-0.03508966210843206	0.03381402348637527	-0.04756517964273776	-0.047241163701615164	0.012430880859005228	0.03979510719204182	-0.029211114016763462	0.020798739787524816	-0.0379835557330271	-0.007734711637476793	0.014765411782990522	0.013236900453613578	0.005433185160037669	0.01735018604332637	-0.0001840970589399921	-0.004775990869787989	0.0019798780775598457	0.004764442221823658	0.006525730947876243	0.0	0.0	0.0	0.0	0.0	0.0	0.0	0.0	0.0	0.0	0.0	0.0	0.0	0.0	0.0	0.0	0.0	0.0	0.0	0.0	0.0	0.0	0.0	0.0	0.0	0.0	0.0	0.0	0.0	0.0	0.0	0.0	0.0	0.0
SRR6113291	-0.26144309761132123	0.1218408979309881	0.03658095250672479	-0.04132700117124695	0.138193155748922	-0.007888177225002886	-0.007849347431030058	0.05990471567314392	-0.02477838750060628	-0.04115386400177915	0.04558656674096371	0.02120874351501384	0.0434792554049411	0.06403181402428831	0.12518866963746364	-0.04608150096857479	0.09459879698002374	-0.036093173498774764	-0.06471116969848482	0.021310619715310855	-0.08312371664241333	-0.0021606217950619734	-0.008057983604554918	0.005998636810054726	-0.024742132672685924	-0.005231508290078846	-0.020556685629030822	0.02267566586715499	-0.02674560895195608	0.016394352193603072	-0.004988657883113204	-0.008559357354636797	-0.0472989087191837	0.014766697256352424	0.012717923461995526	-0.0015452786076005601	0.003417467478299131	0.0	0.0	0.0	0.0	0.0	0.0	0.0	0.0	0.0	0.0	0.0	0.0	0.0	0.0	0.0	0.0	0.0	0.0	0.0	0.0	0.0	0.0	0.0	0.0	0.0	0.0	0.0	0.0	0.0	0.0	0.0	0.0	0.0	0.0
SRR6113292	0.5614891679562387	0.08754985260806827	0.07027031593143243	0.07539227005041672	-0.15564789504806342	0.08099177847830212	0.03221656273776668	0.08161447332799845	-0.19536174145137455	0.14156715519611074	0.06823956472412049	-0.08182489822829696	-0.04658050189647217	-0.06631122239698246	0.027885798384349236	-0.012381524724805614	0.031632832072488654	0.012166552265823881	-0.021509079891925364	-0.06328970766174923	0.04196368604034319	-0.0009179089839950426	-0.002998934560826555	0.00215841336846364	0.012299069140443458	0.030515218684911784	0.07088983509206696	0.032338068770074835	-0.024876143243329138	-0.010801846786577895	-0.010233152183613476	-0.005197428940194284	0.01627588091057292	0.004888247500121628	-0.016681060601344614	0.005817780846705292	-0.004855311353521793	0.0	0.0	0.0	0.0	0.0	0.0	0.0	0.0	0.0	0.0	0.0	0.0	0.0	0.0	0.0	0.0	0.0	0.0	0.0	0.0	0.0	0.0	0.0	0.0	0.0	0.0	0.0	0.0	0.0	0.0	0.0	0.0	0.0	0.0
SRR6113293	0.03303643924102693	0.22713269529279717	0.16684645137617848	-0.10374167282162496	-0.09665221575516025	-0.005579699648021912	0.10816182602941139	-0.013648621310043912	-0.004844554181610858	-0.049979907294665456	-0.058083715183793884	0.02231139601705961	0.03965430209431008	-0.010420230754311794	-0.024715380760120132	-0.026985009644108177	-0.04370129440146563	0.001564044202637641	-0.02657979305819368	-0.03581151059642728	0.007801465795007384	0.07014391686320585	-0.04931807297574851	-0.02503555389997746	0.0043476733272155245	-0.004738551108132836	-0.011039273617002625	0.04822577233558945	0.04947096016505778	-0.01802905654249018	-0.013350032376685373	0.01566629700871167	0.022940613879126874	0.05298467883022268	-0.013226063184341625	0.017700461814824923	-0.0011731922220268795	0.0	0.0	0.0	0.0	0.0	0.0	0.0	0.0	0.0	0.0	0.0	0.0	0.0	0.0	0.0	0.0	0.0	0.0	0.0	0.0	0.0	0.0	0.0	0.0	0.0	0.0	0.0	0.0	0.0	0.0	0.0	0.0	0.0	0.0
SRR6113294	0.37249894927075256	-0.14896995206647046	0.18001709433364335	0.22797856228519575	0.00037212607942117826	0.030339789210850444	-0.13031484714353733	0.2881691540407779	0.08003540788059554	-0.0718317886419232	-0.05059141305378488	-0.04409109072530758	0.03250509347073898	-0.07137978604070953	0.037738496470043244	-0.013149546511825172	-0.05856156370615625	-0.0023516262117753363	-0.016187656161746656	-0.013520952109258572	-0.009092592423841446	-0.024881539880549402	0.043102098767403244	0.06791851676912865	-0.01280805192908048	-0.017669830590999525	-0.01148982687111377	-0.01703369216538388	-0.0034347660923115374	-0.031093941077441144	0.010844720140882239	0.023392993748734766	0.0028927296549242374	0.015088460973110614	0.002332572683922062	-0.006040815354324998	-0.003464681083027757	0.0	0.0	0.0	0.0	0.0	0.0	0.0	0.0	0.0	0.0	0.0	0.0	0.0	0.0	0.0	0.0	0.0	0.0	0.0	0.0	0.0	0.0	0.0	0.0	0.0	0.0	0.0	0.0	0.0	0.0	0.0	0.0	0.0	0.0
SRR6113295	-0.3176426239194625	0.16612974419634244	0.0892497030018449	-0.11116583191695872	0.09782715489822136	-0.09360635954983414	0.03547714678153558	-0.03754773099673156	-0.06061041239943896	0.011479615165627316	0.025595562412038603	-0.016781753727411072	0.02624688761379167	0.011763295011346138	0.05406273565378465	0.0006085519429955339	0.047210203873089454	0.004744028851811793	0.007830314639028828	0.003803238520543622	0.011267624162638237	0.03324293280298899	0.08137942204988968	-0.07101213233700113	-0.009451777944030095	0.03422208993463272	-0.052826470187725	0.015096614741635818	-0.0034630096381699596	-0.01038696522143929	-0.01655475254773614	0.03105143122935293	0.026247532585380026	-0.048956631253506626	0.010045857166778527	0.011423601320410558	-0.006189464854848699	0.0	0.0	0.0	0.0	0.0	0.0	0.0	0.0	0.0	0.0	0.0	0.0	0.0	0.0	0.0	0.0	0.0	0.0	0.0	0.0	0.0	0.0	0.0	0.0	0.0	0.0	0.0	0.0	0.0	0.0	0.0	0.0	0.0	0.0
SRR6113296	-0.8324209310087659	0.036769012507372766	-0.19006164963713393	0.10907148035711003	0.0849293269172529	-0.05995391993938073	-0.011275035681025837	-0.03795799790254491	0.07272193597070195	0.1860762582496329	-0.0787841907409738	0.04514747045419693	-0.053821439395786715	0.010879093853736308	-0.06952394035604188	0.06549009986907646	-0.07024291075598833	0.00806997926442429	-0.06129643765323035	-0.01929796476548366	0.007850137807911568	0.024387663442364354	0.029933785535858758	0.01520206996964732	-0.03171920834723717	-0.015670132183684887	0.05252422910051032	-0.008380734721559289	0.006078143524493578	-0.020549036098941632	0.003261319988707174	-0.0345003405591773	-0.007178382741525746	-0.0012688342941102556	0.013560723350074008	0.0072646273271203534	0.0028661595747063325	0.0	0.0	0.0	0.0	0.0	0.0	0.0	0.0	0.0	0.0	0.0	0.0	0.0	0.0	0.0	0.0	0.0	0.0	0.0	0.0	0.0	0.0	0.0	0.0	0.0	0.0	0.0	0.0	0.0	0.0	0.0	0.0	0.0	0.0
SRR6113297	0.28830462335456514	0.16266660254743495	-0.020948768485952084	0.1873419272834412	0.011437858807224718	0.002684782073510748	0.0003538395931894891	0.06488564630656808	0.09212198733400558	-0.07801159144235784	0.027612718968720057	0.03451798820780008	0.024076826900851073	-0.033669298545112414	0.0177690813655443	-0.08521698401572383	-0.07770290937518005	0.00021964463055080708	-0.009503410969022635	0.03311673877696628	-0.11522329572695401	-0.04073727643083612	-0.002174761446199017	-0.0044800654006018304	0.001017345750728237	0.03432031660828652	0.03619056068689282	0.010073985030391728	0.019327859107046517	-0.011132682587242218	0.008914855651396008	0.027974599250018266	-0.018936172882458427	-0.025327848991226764	-0.003258293418036401	0.00017355447301842383	-0.001878486316800914	0.0	0.0	0.0	0.0	0.0	0.0	0.0	0.0	0.0	0.0	0.0	0.0	0.0	0.0	0.0	0.0	0.0	0.0	0.0	0.0	0.0	0.0	0.0	0.0	0.0	0.0	0.0	0.0	0.0	0.0	0.0	0.0	0.0	0.0
SRR6113298	-0.023579649750101777	0.18559890104134805	0.2270492620055524	-0.1784560921225724	-0.0739522523270825	-0.015081110514662755	0.14884687891736156	-0.06449603482886457	-0.024372438524141168	-0.06975027057179059	-0.1236767979193207	-0.023582388050667404	0.031183344875055464	0.008344184031419549	0.08206552215937517	0.01427976273933736	-0.03265353297182632	-0.013366197742452677	0.00541796783318037	-0.03596248160290133	0.003429163125694057	-0.004320113385875641	-0.019083504026897024	-0.0010981026209644802	-0.04958981341907021	-0.042891262077472674	-0.02620056687290749	0.03444185122696338	0.06033253436096421	0.0008933055775956708	-0.0323410374754496	-0.0025597966617733774	-0.020145450434654447	-0.017638174523304566	0.000374291709744909	-0.004585066837922854	-0.003172687916599536	0.0	0.0	0.0	0.0	0.0	0.0	0.0	0.0	0.0	0.0	0.0	0.0	0.0	0.0	0.0	0.0	0.0	0.0	0.0	0.0	0.0	0.0	0.0	0.0	0.0	0.0	0.0	0.0	0.0	0.0	0.0	0.0	0.0	0.0
SRR6113299	0.7183290617576203	0.13538753856208463	-0.2886423100842754	0.04815409452361665	0.013136974840971578	-0.1868271070729683	-0.0321577510544049	-0.08715307304346662	-0.08813168075961242	0.022277843308897025	0.023453773847784853	0.08606275395541245	0.050752431480538575	0.06681978669898853	-0.09473422579163557	-0.13139703641681116	-0.03838302602595674	-0.033909500709175755	-0.013344801977019243	0.03375138212733309	0.02802479161873196	-0.055719615636883886	0.002590539649738497	0.019384988939951647	0.0005825184461775966	-0.006443870576798596	0.015369287169082209	0.009186538579939346	0.007939512653668167	0.007412210025054086	0.0058229260393063255	0.03929129525496955	-0.009371607125376593	0.001175481866018392	-0.00043339694064812814	0.005013341122507236	-0.005254339479765949	0.0	0.0	0.0	0.0	0.0	0.0	0.0	0.0	0.0	0.0	0.0	0.0	0.0	0.0	0.0	0.0	0.0	0.0	0.0	0.0	0.0	0.0	0.0	0.0	0.0	0.0	0.0	0.0	0.0	0.0	0.0	0.0	0.0	0.0
SRR6113300	-0.8937739892537738	0.03275887357081508	-0.20125453816021827	0.03405950923439593	-0.04947154679365412	0.06340477833610417	-0.036514724847413	0.0749804233170324	0.02437794313399634	0.11301846919086377	-0.02415844912581951	0.11258862269876913	-0.048510003588014654	-0.06084313311828784	-0.041660961043829214	-0.03291512331317629	-0.013906910267554957	-0.05032478477104046	-0.10179620693323771	0.0174522772660991	-0.0210597583461092	-0.0035813481166828347	0.002180742738897465	0.00444197049809588	0.04159512564923438	-0.046005772588656346	-0.019371209180913774	0.048616445258016276	-0.00010205662256025567	0.0338161798020115	0.009107171823769765	-0.008360669527980083	0.015110039753078749	-0.0049323565676273615	-0.00825329049140008	-0.0016296763050593847	-0.0014695461463594944	0.0	0.0	0.0	0.0	0.0	0.0	0.0	0.0	0.0	0.0	0.0	0.0	0.0	0.0	0.0	0.0	0.0	0.0	0.0	0.0	0.0	0.0	0.0	0.0	0.0	0.0	0.0	0.0	0.0	0.0	0.0	0.0	0.0	0.0
SRR6113301	0.7984147035786423	-0.07857842748915032	-0.2369270835733699	0.16384709694984295	0.10281115153669629	0.0291511474984614	-0.08860226866020805	-0.02101089118455792	-0.14244944403473897	-0.18894544757657875	-0.13515867199697337	-0.09443774137093022	-0.14512441339556242	0.09574586235946517	-0.1607026858261321	0.024839211300999264	0.02477791164685415	-0.037035862058905515	0.008195754981254733	0.07477386044838018	0.0016572076982840514	0.021529539568793436	-0.030662637366683707	-0.013802842135066558	0.011426068950847327	0.0001977911152617752	0.018582316336616393	0.02714762913839711	0.00016421105355937887	-0.017413407546756098	-0.0059514624804531905	-0.004181237496807793	0.007737653560088431	-0.003922399070149348	0.008063386749756702	-0.005440101578163715	0.004514606909170947	0.0	0.0	0.0	0.0	0.0	0.0	0.0	0.0	0.0	0.0	0.0	0.0	0.0	0.0	0.0	0.0	0.0	0.0	0.0	0.0	0.0	0.0	0.0	0.0	0.0	0.0	0.0	0.0	0.0	0.0	0.0	0.0	0.0	0.0
SRR6113302	-0.11724152914027457	0.20535216576514606	0.2668824998590728	-0.2334233897742754	-0.023719167871903986	0.005507052304813762	0.1179815607288727	-0.035656061708851196	-0.07400629638539694	-0.09912455997078413	-0.1621988711716549	0.004511904000042686	0.0643137139034079	0.005428615070150189	0.04052939990418445	0.061882510166921006	0.0046678083062262265	0.02593127222788645	-0.07868511465741089	0.07695680120782794	-0.02300293683568328	0.028058486271650345	-0.05853335506377374	0.0585609835155304	-0.001055294098334944	0.029513343205447476	-0.00160966367722324	-0.04114661507768517	-0.053289582134087896	-0.004854086084823528	0.028877926971329227	-0.0169334409274429	-0.008329522041927684	-0.025085865097531208	0.002181675658351798	-0.0035485271802586653	-0.007230438084969564	0.0	0.0	0.0	0.0	0.0	0.0	0.0	0.0	0.0	0.0	0.0	0.0	0.0	0.0	0.0	0.0	0.0	0.0	0.0	0.0	0.0	0.0	0.0	0.0	0.0	0.0	0.0	0.0	0.0	0.0	0.0	0.0	0.0	0.0
SRR6113303	-1.6993093734720177	-1.1662645388720065	-0.0394391562969013	0.14056212708879803	-0.3575463606895719	0.09904667197633518	0.04791096845557196	-0.0990407839885013	-0.009670638468080677	0.027790298457861108	-0.04940278790637045	-0.022801857996610927	0.014981259360108658	0.07150575014437449	0.054287194823558343	-0.0028011325822213046	0.005047458057295646	-0.01035552007607926	-0.02425955962652914	-0.00858178693993087	-0.01525333660574753	-0.030156639360018958	-0.014260280434299418	-0.0033872906196012855	-0.0013300734140815887	0.017709202588279065	-0.003179710564785688	-0.010610663230217567	0.012912135357892221	0.0008880467298435296	0.003160115911392659	-0.003830433362449567	-0.004167653615334421	0.0028716739126338447	0.002581066976732617	-0.006089818885680145	-0.0013118256087099516	0.0	0.0	0.0	0.0	0.0	0.0	0.0	0.0	0.0	0.0	0.0	0.0	0.0	0.0	0.0	0.0	0.0	0.0	0.0	0.0	0.0	0.0	0.0	0.0	0.0	0.0	0.0	0.0	0.0	0.0	0.0	0.0	0.0	0.0
SRR6113304	-0.29123313756274904	0.12427744282628667	0.06226831437618229	0.02629699858815966	0.25227745693032116	0.005292963694703572	0.02800739893897259	-0.0022284249394978247	0.0022570301995303394	0.1970884568264809	-0.13512852065086825	0.09473167456716781	0.02786242871870768	0.09711215281826249	-0.03344927958981678	-0.028887242765025207	0.06260435345846205	0.007858426677031157	-0.08033822162756216	0.026886155335701704	0.020011066016391278	0.02197918398171424	0.05364549933978261	0.011132764056684884	-0.012277836622389475	0.02552717789243139	-0.0011753252569620034	0.00831413420332684	-0.003477841299488371	-0.021484630874290533	-0.016259635882872648	0.0013990099035694787	-0.014165265307372783	-0.004249643739326096	-0.004773170631818423	0.00904756287246696	-0.002623565426412996	0.0	0.0	0.0	0.0	0.0	0.0	0.0	0.0	0.0	0.0	0.0	0.0	0.0	0.0	0.0	0.0	0.0	0.0	0.0	0.0	0.0	0.0	0.0	0.0	0.0	0.0	0.0	0.0	0.0	0.0	0.0	0.0	0.0	0.0

Biplot	0	0

Site constraints	0	0
